1	240.000000	80.000000	360.000000	360.000000
2	240.000000	80.000000	360.000000	360.000000
3	240.000000	80.000000	360.000000	360.000000
4	240.000000	80.000000	360.000000	360.000000
5	240.000000	80.000000	360.000000	360.000000
6	240.000000	80.000000	360.000000	360.000000
7	240.002553	80.002553	360.000000	360.000000
8	240.005105	80.005105	360.000000	360.000000
9	240.007658	80.007658	360.000000	360.000000
10	240.010210	80.010210	360.000000	360.000000
11	240.012762	80.012762	360.000000	360.000000
12	240.015314	80.015314	360.000000	360.000000
13	240.017867	80.017867	360.000000	360.000000
14	240.019954	80.019954	360.000000	360.000000
15	240.022042	80.022042	360.000000	360.000000
16	240.024130	80.024130	360.000000	360.000000
17	240.026217	80.026217	360.000000	360.000000
18	240.028305	80.028305	360.000000	360.000000
19	240.030392	80.030392	360.000000	360.000000
20	240.032480	80.032480	360.000000	360.000000
21	240.033908	80.033908	360.000000	360.000000
22	240.035335	80.035335	360.000000	360.000000
23	240.036763	80.036763	360.000000	360.000000
24	240.038191	80.038191	360.000000	360.000000
25	240.039618	80.039618	360.000000	360.000000
26	240.041046	80.041046	360.000000	360.000000
27	240.042474	80.042474	360.000000	360.000000
28	240.041616	80.041616	360.000000	360.000000
29	240.040759	80.040759	360.000000	360.000000
30	240.039901	80.039901	360.000000	360.000000
31	240.039044	80.039044	360.000000	360.000000
32	240.038186	80.038186	360.000000	360.000000
33	240.037329	80.037329	360.000000	360.000000
34	240.036471	80.036471	360.000000	360.000000
35	240.036320	80.036320	360.000000	360.000000
36	240.036170	80.036170	360.000000	360.000000
37	240.036019	80.036019	360.000000	360.000000
38	240.035868	80.035868	360.000000	360.000000
39	240.035717	80.035717	360.000000	360.000000
40	240.035567	80.035567	360.000000	360.000000
41	240.035416	80.035416	360.000000	360.000000
42	240.041942	80.041942	360.000000	360.000000
43	240.048469	80.048469	360.000000	360.000000
44	240.054994	80.054994	360.000000	360.000000
45	240.061520	80.061520	360.000000	360.000000
46	240.068045	80.068045	360.000000	360.000000
47	240.074569	80.074569	360.000000	360.000000
48	240.081093	80.081093	360.000000	360.000000
49	240.083983	80.083983	360.000000	360.000000
50	240.086873	80.086873	360.000000	360.000000
51	240.089763	80.089763	360.000000	360.000000
52	240.092653	80.092653	360.000000	360.000000
53	240.095543	80.095543	360.000000	360.000000
54	240.098433	80.098433	360.000000	360.000000
55	240.101322	80.101322	360.000000	360.000000
56	240.100854	80.100854	360.000000	360.000000
57	240.100387	80.100387	360.000000	360.000000
58	240.099919	80.099919	360.000000	360.000000
59	240.099451	80.099451	360.000000	360.000000
60	240.098983	80.098983	360.000000	360.000000
61	240.098515	80.098515	360.000000	360.000000
62	240.098047	80.098047	360.000000	360.000000
63	240.100712	80.100712	360.000000	360.000000
64	240.103377	80.103377	360.000000	360.000000
65	240.106043	80.106043	360.000000	360.000000
66	240.108708	80.108708	360.000000	360.000000
67	240.111372	80.111372	360.000000	360.000000
68	238.114037	80.114037	360.000000	360.000000
69	236.116702	80.116702	360.000000	360.000000
70	236.593044	80.593044	360.000000	360.000000
71	236.047564	81.047564	360.000000	360.000000
72	235.480585	82.480585	360.000000	360.000000
73	234.892426	82.892426	360.000000	360.000000
74	233.283398	83.283398	360.000000	360.000000
75	232.653811	83.653811	360.000000	360.000000
76	232.003969	84.003969	360.000000	360.000000
77	231.347668	85.347668	360.000000	360.000000
78	230.671304	85.671304	360.000000	360.000000
79	229.975178	86.975178	360.000000	360.000000
80	229.259584	87.259584	360.000000	360.000000
81	228.524813	88.524813	360.000000	360.000000
82	227.771151	89.771151	360.000000	360.000000
83	226.998881	89.998881	360.000000	360.000000
84	225.965957	90.965957	360.000000	360.000000
85	224.921487	91.921487	360.000000	360.000000
86	223.865609	92.865609	360.000000	360.000000
87	223.798459	93.798459	360.000000	360.000000
88	222.720172	94.720172	360.000000	360.000000
89	222.630880	95.630880	360.000000	360.000000
90	222.530716	96.530716	360.000000	360.000000
91	222.917390	96.917390	360.000000	360.000000
92	223.302057	97.302057	360.000000	360.000000
93	223.684727	97.684727	360.000000	360.000000
94	224.065409	98.065409	360.000000	360.000000
95	224.444115	98.444115	360.000000	360.000000
96	224.820855	98.820855	360.000000	360.000000
97	225.195638	99.195638	360.000000	360.000000
98	224.939965	98.939965	360.000000	360.000000
99	224.683381	98.683381	360.000000	360.000000
100	224.425884	98.425884	360.000000	360.000000
101	224.167470	98.167470	360.000000	360.000000
102	223.908136	97.908136	360.000000	360.000000
103	223.647878	97.647878	360.000000	360.000000
104	223.386694	97.386694	360.000000	360.000000
105	222.950869	96.950869	360.000000	360.000000
106	222.512465	96.512465	360.000000	360.000000
107	222.071465	96.071465	360.000000	360.000000
108	221.627854	95.627854	360.000000	360.000000
109	221.181616	95.181616	360.000000	360.000000
110	220.732737	94.732737	360.000000	360.000000
111	220.281200	94.281200	360.000000	360.000000
112	219.819531	93.819531	360.000000	360.000000
113	219.355085	93.355085	360.000000	360.000000
114	218.887844	92.887844	360.000000	360.000000
115	218.417791	92.417791	360.000000	360.000000
116	217.944909	91.944909	360.000000	360.000000
117	217.469182	91.469182	360.000000	360.000000
118	216.990592	90.990592	360.000000	360.000000
119	216.561562	90.561562	360.000000	360.000000
120	216.130232	90.130232	360.000000	360.000000
121	215.696589	89.696589	360.000000	360.000000
122	215.260620	89.260620	360.000000	360.000000
123	214.822314	88.822314	360.000000	360.000000
124	214.381657	88.381657	360.000000	360.000000
125	213.938638	87.938638	360.000000	360.000000
126	213.561455	87.561455	360.000000	360.000000
127	213.182559	87.182559	360.000000	360.000000
128	212.801943	86.801943	360.000000	360.000000
129	212.419599	86.419599	360.000000	360.000000
130	212.035518	86.035518	360.000000	360.000000
131	211.649693	85.649693	360.000000	360.000000
132	211.262116	85.262116	360.000000	360.000000
133	210.949422	84.949422	360.000000	360.000000
134	210.635588	84.635588	360.000000	360.000000
135	210.320609	84.320609	360.000000	360.000000
136	210.004481	84.004481	360.000000	360.000000
137	209.687201	83.687201	360.000000	360.000000
138	209.368763	83.368763	360.000000	360.000000
139	209.049164	83.049164	360.000000	360.000000
140	208.798994	82.798994	360.000000	360.000000
141	208.548112	82.548112	360.000000	360.000000
142	208.296517	82.296517	360.000000	360.000000
143	208.044206	82.044206	360.000000	360.000000
144	207.791178	81.791178	360.000000	360.000000
145	207.537430	81.537430	360.000000	360.000000
146	207.282960	81.282960	360.000000	360.000000
147	207.215556	81.215556	360.000000	360.000000
148	209.148102	80.148102	360.000000	360.000000
149	211.080597	78.080597	360.000000	360.000000
150	212.013041	77.013041	360.000000	360.000000
151	213.945435	74.945435	360.000000	360.000000
152	215.877778	72.877778	360.000000	360.000000
153	217.810070	70.810070	360.000000	360.000000
154	220.985755	69.985755	360.000000	360.000000
155	224.146114	69.146114	360.000000	360.000000
156	227.291348	69.291348	360.000000	360.000000
157	230.421652	68.421652	360.000000	360.000000
158	233.537223	68.537223	360.000000	360.000000
159	236.638251	67.638251	360.000000	360.000000
160	239.724926	66.724926	360.000000	360.000000
161	243.015243	67.015243	360.000000	360.000000
162	246.285323	67.285323	360.000000	360.000000
163	249.535485	67.535485	360.000000	360.000000
164	252.766040	66.766040	360.000000	360.000000
165	255.977297	66.977297	360.000000	360.000000
166	259.169558	67.169558	360.000000	360.000000
167	262.343120	67.343120	360.000000	360.000000
168	265.585840	67.585840	360.000000	360.000000
169	268.807594	68.807594	360.000000	360.000000
170	272.008734	71.008734	360.000000	360.000000
171	275.189609	73.189609	360.000000	360.000000
172	278.350560	75.350560	360.000000	360.000000
173	282.491925	77.491925	360.000000	360.000000
174	285.614032	79.614032	360.000000	360.000000
175	288.983323	80.983323	360.000000	360.000000
176	291.350529	82.350529	360.000000	360.000000
177	293.715660	83.715660	360.000000	360.000000
178	296.078730	85.078730	360.000000	360.000000
179	299.439749	86.439749	360.000000	360.000000
180	301.798729	87.798729	360.000000	360.000000
181	304.155681	89.155681	360.000000	360.000000
182	307.318810	90.318810	360.000000	360.000000
183	309.481516	91.481516	360.000000	360.000000
184	311.643799	92.643799	360.000000	360.000000
185	316.805661	94.805661	360.000000	360.000000
186	318.967103	95.967103	360.000000	360.000000
187	321.128126	97.128126	360.000000	360.000000
188	324.288730	98.288730	360.000000	360.000000
189	326.561315	99.561315	360.000000	360.000000
190	329.832696	101.832696	360.000000	360.000000
191	332.102878	103.102878	360.000000	360.000000
192	333.371867	104.371867	360.000000	360.000000
193	333.639667	104.639667	360.000000	360.000000
194	333.906285	104.906285	360.000000	360.000000
195	334.171725	105.171725	360.000000	360.000000
196	333.430512	104.430512	360.000000	360.000000
197	332.680116	103.680116	360.000000	360.000000
198	331.920423	102.920423	360.000000	360.000000
199	331.151319	102.151319	360.000000	360.000000
200	330.372686	101.372686	360.000000	360.000000
201	329.584406	100.584406	360.000000	360.000000
202	328.786361	99.786361	360.000000	360.000000
203	327.823934	98.823934	360.000000	360.000000
204	326.847304	97.847304	360.000000	360.000000
205	325.856260	96.856260	360.000000	360.000000
206	324.850590	95.850590	360.000000	360.000000
207	323.830079	94.830079	360.000000	360.000000
208	322.794507	93.794507	360.000000	360.000000
209	321.743652	92.743652	360.000000	360.000000
210	320.765412	91.765412	360.000000	360.000000
211	319.773928	90.773928	360.000000	360.000000
212	318.769021	89.769021	360.000000	360.000000
213	317.750509	88.750509	360.000000	360.000000
214	316.718208	87.718208	360.000000	360.000000
215	315.671931	86.671931	360.000000	360.000000
216	314.611489	85.611489	360.000000	360.000000
217	313.690220	84.690220	360.000000	360.000000
218	312.758260	83.758260	360.000000	360.000000
219	311.815485	82.815485	360.000000	360.000000
220	310.861769	81.861769	360.000000	360.000000
221	309.896987	80.896987	360.000000	360.000000
222	308.921008	79.921008	360.000000	360.000000
223	307.933703	78.933703	360.000000	360.000000
224	307.116258	78.116258	360.000000	360.000000
225	306.291050	77.291050	360.000000	360.000000
226	305.458003	76.458003	360.000000	360.000000
227	304.617044	75.617044	360.000000	360.000000
228	303.768098	74.768098	360.000000	360.000000
229	302.911089	73.911089	360.000000	360.000000
230	302.045940	73.045940	360.000000	360.000000
231	301.349517	72.349517	360.000000	360.000000
232	300.647819	71.647819	360.000000	360.000000
233	297.940806	69.940806	360.000000	360.000000
234	295.228439	67.228439	360.000000	360.000000
235	292.510677	64.510677	360.000000	360.000000
236	289.787479	62.787479	360.000000	360.000000
237	287.058804	61.058804	360.000000	360.000000
238	286.606920	61.606920	360.000000	360.000000
239	286.130313	62.130313	360.000000	360.000000
240	285.629378	62.629378	360.000000	360.000000
241	285.104504	63.104504	360.000000	360.000000
242	284.556072	63.556072	360.000000	360.000000
243	283.984459	63.984459	360.000000	360.000000
244	283.390036	64.390036	360.000000	360.000000
245	281.263244	64.263244	360.000000	360.000000
246	280.127648	64.127648	360.000000	360.000000
247	278.983338	64.983338	360.000000	360.000000
248	277.830400	64.830400	360.000000	360.000000
249	276.668922	64.668922	360.000000	360.000000
250	275.498990	64.498990	360.000000	360.000000
251	274.320689	65.320689	360.000000	360.000000
252	272.950594	64.950594	360.000000	360.000000
253	272.575582	65.575582	360.000000	360.000000
254	273.195690	66.195690	360.000000	360.000000
255	273.810956	66.810956	360.000000	360.000000
256	274.421418	67.421418	360.000000	360.000000
257	275.027115	68.027115	360.000000	360.000000
258	275.628082	68.628082	360.000000	360.000000
259	275.285585	68.285585	360.000000	360.000000
260	274.941552	67.941552	360.000000	360.000000
261	274.595976	67.595976	360.000000	360.000000
262	274.248850	67.248850	360.000000	360.000000
263	273.900168	66.900168	360.000000	360.000000
264	273.549922	66.549922	360.000000	360.000000
265	273.198105	66.198105	360.000000	360.000000
266	272.616977	65.616977	360.000000	360.000000
267	272.031564	65.031564	360.000000	360.000000
268	271.441834	64.441834	360.000000	360.000000
269	270.847754	63.847754	360.000000	360.000000
270	270.249294	63.249294	360.000000	360.000000
271	269.646420	62.646420	360.000000	360.000000
272	269.039100	62.039100	360.000000	360.000000
273	268.421668	61.421668	360.000000	360.000000
274	267.799640	60.799640	360.000000	360.000000
275	268.172984	60.172984	360.000000	360.000000
276	270.541663	59.541663	360.000000	360.000000
277	271.905644	58.905644	360.000000	360.000000
278	275.264891	58.264891	360.000000	360.000000
279	277.619369	58.619369	360.000000	360.000000
280	279.900155	58.900155	360.000000	360.000000
281	280.180038	59.180038	360.000000	360.000000
282	280.459022	59.459022	360.000000	360.000000
283	280.737110	59.737110	360.000000	360.000000
284	281.014303	60.014303	360.000000	360.000000
285	281.290607	60.290607	360.000000	360.000000
286	281.566022	60.566022	360.000000	360.000000
287	281.394453	60.394453	360.000000	360.000000
288	281.222540	60.222540	360.000000	360.000000
289	281.050282	60.050282	360.000000	360.000000
290	280.877678	59.877678	360.000000	360.000000
291	280.704727	59.704727	360.000000	360.000000
292	280.531429	59.531429	360.000000	360.000000
293	280.357783	59.357783	360.000000	360.000000
294	280.053823	59.053823	360.000000	360.000000
295	279.748797	58.748797	360.000000	360.000000
296	279.442701	58.442701	360.000000	360.000000
297	279.135531	58.135531	360.000000	360.000000
298	277.827284	57.827284	360.000000	360.000000
299	274.517955	56.517955	360.000000	360.000000
300	271.207541	56.207541	360.000000	360.000000
301	268.700213	56.700213	360.000000	360.000000
302	265.190152	57.190152	360.000000	360.000000
303	262.677372	56.677372	360.000000	360.000000
304	260.161889	58.161889	360.000000	360.000000
305	257.643717	58.643717	360.000000	360.000000
306	255.122872	59.122872	360.000000	360.000000
307	252.599368	60.599368	360.000000	360.000000
308	250.489562	60.489562	360.000000	360.000000
309	248.370478	62.370478	360.000000	360.000000
310	246.242211	63.242211	360.000000	360.000000
311	244.104857	64.104857	360.000000	360.000000
312	242.958511	65.958511	360.000000	360.000000
313	242.803267	66.803267	360.000000	360.000000
314	243.639217	67.639217	360.000000	360.000000
315	243.661484	67.661484	360.000000	360.000000
316	243.683745	67.683745	360.000000	360.000000
317	243.706000	67.706000	360.000000	360.000000
318	243.728248	67.728248	360.000000	360.000000
319	243.750491	67.750491	360.000000	360.000000
320	243.772727	67.772727	360.000000	360.000000
321	243.794956	67.794956	360.000000	360.000000
322	243.408254	67.408254	360.000000	360.000000
323	243.019663	67.019663	360.000000	360.000000
324	242.629175	66.629175	360.000000	360.000000
325	242.236780	66.236780	360.000000	360.000000
326	241.842470	65.842470	360.000000	360.000000
327	241.446235	65.446235	360.000000	360.000000
328	241.048065	65.048065	360.000000	360.000000
329	240.539413	64.539413	360.000000	360.000000
330	240.027604	64.027604	360.000000	360.000000
331	239.512619	63.512619	360.000000	360.000000
332	238.994437	62.994437	360.000000	360.000000
333	238.473039	62.473039	360.000000	360.000000
334	237.948405	61.948405	360.000000	360.000000
335	237.420515	61.420515	360.000000	360.000000
336	236.912790	60.912790	360.000000	360.000000
337	236.402052	60.402052	360.000000	360.000000
338	235.888285	59.888285	360.000000	360.000000
339	235.371469	59.371469	360.000000	360.000000
340	234.851587	58.851587	360.000000	360.000000
341	234.328621	58.328621	360.000000	360.000000
342	233.802553	57.802553	360.000000	360.000000
343	233.439913	57.439913	360.000000	360.000000
344	235.075798	57.075798	360.000000	360.000000
345	236.710204	56.710204	360.000000	360.000000
346	239.343123	55.343123	360.000000	360.000000
347	241.974550	54.974550	360.000000	360.000000
348	244.604478	54.604478	360.000000	360.000000
349	247.232901	54.232901	360.000000	360.000000
350	250.904646	53.904646	360.000000	360.000000
351	254.571473	54.571473	360.000000	360.000000
352	258.233419	55.233419	360.000000	360.000000
353	261.890520	55.890520	360.000000	360.000000
354	265.542811	56.542811	360.000000	360.000000
355	268.190326	57.190326	360.000000	360.000000
356	269.833102	57.833102	360.000000	360.000000
357	270.175747	58.175747	360.000000	360.000000
358	270.517044	58.517044	360.000000	360.000000
359	270.857000	58.857000	360.000000	360.000000
360	271.195620	59.195620	360.000000	360.000000
361	271.532909	59.532909	360.000000	360.000000
362	271.868872	59.868872	360.000000	360.000000
363	272.203514	60.203514	360.000000	360.000000
364	272.056246	60.056246	360.000000	360.000000
365	271.908722	59.908722	360.000000	360.000000
366	271.760942	59.760942	360.000000	360.000000
367	271.612906	59.612906	360.000000	360.000000
368	271.464612	59.464612	360.000000	360.000000
369	271.316061	59.316061	360.000000	360.000000
370	271.167252	59.167252	360.000000	360.000000
371	270.855372	58.855372	360.000000	360.000000
372	270.542359	58.542359	360.000000	360.000000
373	270.228208	58.228208	360.000000	360.000000
374	269.912916	57.912916	360.000000	360.000000
375	269.596479	57.596479	360.000000	360.000000
376	269.278891	57.278891	360.000000	360.000000
377	268.960150	56.960150	360.000000	360.000000
378	268.599282	56.599282	360.000000	360.000000
379	268.236934	56.236934	360.000000	360.000000
380	267.873102	55.873102	360.000000	360.000000
381	267.507778	55.507778	360.000000	360.000000
382	267.140956	55.140956	360.000000	360.000000
383	266.772632	54.772632	360.000000	360.000000
384	266.402797	54.402797	360.000000	360.000000
385	265.346415	54.346415	360.000000	360.000000
386	262.289999	54.289999	360.000000	360.000000
387	260.233547	54.233547	360.000000	360.000000
388	258.177060	53.177060	360.000000	360.000000
389	256.120538	53.120538	360.000000	360.000000
390	254.063980	53.063980	360.000000	360.000000
391	252.007388	53.007388	360.000000	360.000000
392	251.929180	52.929180	360.000000	360.000000
393	251.841633	53.841633	360.000000	360.000000
394	251.744844	54.744844	360.000000	360.000000
395	251.638904	55.638904	360.000000	360.000000
396	251.523907	56.523907	360.000000	360.000000
397	252.399945	57.399945	360.000000	360.000000
398	253.267108	58.267108	360.000000	360.000000
399	253.433889	58.433889	360.000000	360.000000
400	253.600343	58.600343	360.000000	360.000000
401	253.766468	58.766468	360.000000	360.000000
402	253.932267	58.932267	360.000000	360.000000
403	254.097739	59.097739	360.000000	360.000000
404	254.262886	59.262886	360.000000	360.000000
405	254.427708	59.427708	360.000000	360.000000
406	254.037391	59.037391	360.000000	360.000000
407	253.645251	58.645251	360.000000	360.000000
408	253.251280	58.251280	360.000000	360.000000
409	252.855469	57.855469	360.000000	360.000000
410	252.457810	57.457810	360.000000	360.000000
411	252.058293	57.058293	360.000000	360.000000
412	251.656910	56.656910	360.000000	360.000000
413	251.118942	56.118942	360.000000	360.000000
414	250.577622	55.577622	360.000000	360.000000
415	250.032930	55.032930	360.000000	360.000000
416	249.484843	54.484843	360.000000	360.000000
417	248.933342	53.933342	360.000000	360.000000
418	248.378405	53.378405	360.000000	360.000000
419	247.820010	52.820010	360.000000	360.000000
420	247.275186	52.275186	360.000000	360.000000
421	246.727071	51.727071	360.000000	360.000000
422	246.175644	51.175644	360.000000	360.000000
423	245.620886	50.620886	360.000000	360.000000
424	245.062776	50.062776	360.000000	360.000000
425	244.501294	49.501294	360.000000	360.000000
426	243.936421	48.936421	360.000000	360.000000
427	243.445773	48.445773	360.000000	360.000000
428	242.952565	47.952565	360.000000	360.000000
429	242.456786	47.456786	360.000000	360.000000
430	241.958420	46.958420	360.000000	360.000000
431	241.457454	46.457454	360.000000	360.000000
432	241.953876	45.953876	360.000000	360.000000
433	243.447670	45.447670	360.000000	360.000000
434	245.284045	46.284045	360.000000	360.000000
435	247.113248	48.113248	360.000000	360.000000
436	248.935342	48.935342	360.000000	360.000000
437	250.750389	49.750389	360.000000	360.000000
438	252.558447	51.558447	360.000000	360.000000
439	254.359577	52.359577	360.000000	360.000000
440	257.153839	53.153839	360.000000	360.000000
441	260.497537	54.497537	360.000000	360.000000
442	263.821577	56.821577	360.000000	360.000000
443	268.126246	58.126246	360.000000	360.000000
444	271.411828	59.411828	360.000000	360.000000
445	273.678602	60.678602	360.000000	360.000000
446	276.926844	62.926844	360.000000	360.000000
447	279.156824	64.156824	360.000000	360.000000
448	281.320695	65.320695	360.000000	360.000000
449	283.468215	66.468215	360.000000	360.000000
450	285.599613	67.599613	360.000000	360.000000
451	287.715116	68.715116	360.000000	360.000000
452	289.814947	69.814947	360.000000	360.000000
453	291.899327	70.899327	360.000000	360.000000
454	293.968472	71.968472	360.000000	360.000000
455	295.642473	72.642473	360.000000	360.000000
456	297.310420	74.310420	360.000000	360.000000
457	298.972366	74.972366	360.000000	360.000000
458	299.628366	75.628366	360.000000	360.000000
459	300.278473	76.278473	360.000000	360.000000
460	300.922741	76.922741	360.000000	360.000000
461	301.561221	77.561221	360.000000	360.000000
462	301.154895	77.154895	360.000000	360.000000
463	300.746225	76.746225	360.000000	360.000000
464	300.335198	76.335198	360.000000	360.000000
465	299.921800	75.921800	360.000000	360.000000
466	299.506017	75.506017	360.000000	360.000000
467	299.087836	75.087836	360.000000	360.000000
468	298.667243	74.667243	360.000000	360.000000
469	297.977538	73.977538	360.000000	360.000000
470	297.281347	73.281347	360.000000	360.000000
471	296.578608	72.578608	360.000000	360.000000
472	295.869259	71.869259	360.000000	360.000000
473	295.153239	71.153239	360.000000	360.000000
474	294.430485	70.430485	360.000000	360.000000
475	293.700933	69.700933	360.000000	360.000000
476	292.964624	68.964624	360.000000	360.000000
477	292.221392	68.221392	360.000000	360.000000
478	292.471170	67.471170	360.000000	360.000000
479	293.713894	66.713894	360.000000	360.000000
480	294.949496	66.949496	360.000000	360.000000
481	296.177910	66.177910	360.000000	360.000000
482	297.399068	65.399068	360.000000	360.000000
483	299.745492	65.745492	360.000000	360.000000
484	302.090481	66.090481	360.000000	360.000000
485	304.434040	66.434040	360.000000	360.000000
486	306.776175	66.776175	360.000000	360.000000
487	309.116893	67.116893	360.000000	360.000000
488	312.456199	67.456199	360.000000	360.000000
489	314.794099	67.794099	360.000000	360.000000
490	317.263355	68.263355	360.000000	360.000000
491	319.729900	68.729900	360.000000	360.000000
492	322.193749	69.193749	360.000000	360.000000
493	324.654917	70.654917	360.000000	360.000000
494	327.113421	72.113421	360.000000	360.000000
495	329.569274	73.569274	360.000000	360.000000
496	331.022494	74.022494	360.000000	360.000000
497	331.060447	74.060447	360.000000	360.000000
498	331.098381	74.098381	360.000000	360.000000
499	331.136297	74.136297	360.000000	360.000000
500	331.174194	74.174194	360.000000	360.000000
501	331.212073	74.212073	360.000000	360.000000
502	331.249933	74.249933	360.000000	360.000000
503	331.287775	74.287775	360.000000	360.000000
504	330.833843	73.833843	360.000000	360.000000
505	330.377260	73.377260	360.000000	360.000000
506	329.918009	72.918009	360.000000	360.000000
507	329.456076	72.456076	360.000000	360.000000
508	328.991445	71.991445	360.000000	360.000000
509	328.524100	71.524100	360.000000	360.000000
510	328.054025	71.054025	360.000000	360.000000
511	327.470504	70.470504	360.000000	360.000000
512	326.882778	69.882778	360.000000	360.000000
513	326.290814	69.290814	360.000000	360.000000
514	325.694583	68.694583	360.000000	360.000000
515	325.094054	68.094054	360.000000	360.000000
516	324.489196	67.489196	360.000000	360.000000
517	323.879977	66.879977	360.000000	360.000000
518	323.314071	66.314071	360.000000	360.000000
519	322.744402	65.744402	360.000000	360.000000
520	322.170946	65.170946	360.000000	360.000000
521	321.593677	64.593677	360.000000	360.000000
522	321.012570	64.012570	360.000000	360.000000
523	320.427600	63.427600	360.000000	360.000000
524	319.838741	62.838741	360.000000	360.000000
525	319.317447	62.317447	360.000000	360.000000
526	318.793104	61.793104	360.000000	360.000000
527	318.265696	61.265696	360.000000	360.000000
528	315.735204	60.735204	360.000000	360.000000
529	313.201610	59.201610	360.000000	360.000000
530	310.664897	57.664897	360.000000	360.000000
531	308.125046	57.125046	360.000000	360.000000
532	307.001744	58.001744	360.000000	360.000000
533	305.870165	58.870165	360.000000	360.000000
534	304.730390	59.730390	360.000000	360.000000
535	303.582494	60.582494	360.000000	360.000000
536	302.426555	60.426555	360.000000	360.000000
537	301.262648	61.262648	360.000000	360.000000
538	300.090849	62.090849	360.000000	360.000000
539	299.164502	63.164502	360.000000	360.000000
540	298.224891	64.224891	360.000000	360.000000
541	297.272181	65.272181	360.000000	360.000000
542	296.306532	66.306532	360.000000	360.000000
543	295.328106	67.328106	360.000000	360.000000
544	294.337059	68.337059	360.000000	360.000000
545	293.333548	70.333548	360.000000	360.000000
546	292.015519	71.015519	360.000000	360.000000
547	290.691653	72.691653	360.000000	360.000000
548	289.361998	73.361998	360.000000	360.000000
549	288.026605	75.026605	360.000000	360.000000
550	286.685523	76.685523	360.000000	360.000000
551	285.338801	77.338801	360.000000	360.000000
552	283.986486	78.986486	360.000000	360.000000
553	282.559009	80.559009	360.000000	360.000000
554	281.127162	82.127162	360.000000	360.000000
555	279.690979	83.690979	360.000000	360.000000
556	278.250493	85.250493	360.000000	360.000000
557	276.805736	86.805736	360.000000	360.000000
558	275.356742	88.356742	360.000000	360.000000
559	273.903542	89.903542	360.000000	360.000000
560	272.307896	91.307896	360.000000	360.000000
561	271.709950	92.709950	360.000000	360.000000
562	270.109718	94.109718	360.000000	360.000000
563	268.507212	95.507212	360.000000	360.000000
564	267.902445	96.902445	360.000000	360.000000
565	267.295430	97.295430	360.000000	360.000000
566	267.686180	97.686180	360.000000	360.000000
567	267.495115	97.495115	360.000000	360.000000
568	267.303515	97.303515	360.000000	360.000000
569	267.111379	97.111379	360.000000	360.000000
570	266.918705	96.918705	360.000000	360.000000
571	266.725493	96.725493	360.000000	360.000000
572	266.531741	96.531741	360.000000	360.000000
573	266.337446	96.337446	360.000000	360.000000
574	265.748851	95.748851	360.000000	360.000000
575	265.155282	95.155282	360.000000	360.000000
576	264.556699	94.556699	360.000000	360.000000
577	263.953057	93.953057	360.000000	360.000000
578	263.344316	93.344316	360.000000	360.000000
579	262.730430	92.730430	360.000000	360.000000
580	262.111359	92.111359	360.000000	360.000000
581	261.438544	91.438544	360.000000	360.000000
582	260.759604	90.759604	360.000000	360.000000
583	260.074481	90.074481	360.000000	360.000000
584	259.383120	89.383120	360.000000	360.000000
585	258.685463	88.685463	360.000000	360.000000
586	257.981453	87.981453	360.000000	360.000000
587	257.271033	87.271033	360.000000	360.000000
588	256.627429	86.627429	360.000000	360.000000
589	255.978564	85.978564	360.000000	360.000000
590	255.324394	85.324394	360.000000	360.000000
591	253.664877	84.664877	360.000000	360.000000
592	250.999968	84.999968	360.000000	360.000000
593	248.329624	86.329624	360.000000	360.000000
594	246.653799	86.653799	360.000000	360.000000
595	245.575913	88.575913	360.000000	360.000000
596	244.487825	91.487825	360.000000	360.000000
597	243.389648	94.389648	360.000000	360.000000
598	243.281494	95.281494	360.000000	360.000000
599	244.163472	96.163472	360.000000	360.000000
600	245.035692	97.035692	360.000000	360.000000
601	245.898263	97.898263	360.000000	360.000000
602	245.832255	97.832255	360.000000	360.000000
603	245.766190	97.766190	360.000000	360.000000
604	245.700069	97.700069	360.000000	360.000000
605	245.633891	97.633891	360.000000	360.000000
606	245.567657	97.567657	360.000000	360.000000
607	245.501366	97.501366	360.000000	360.000000
608	245.435018	97.435018	360.000000	360.000000
609	244.995311	96.995311	360.000000	360.000000
610	244.553112	96.553112	360.000000	360.000000
611	244.108406	96.108406	360.000000	360.000000
612	243.661180	95.661180	360.000000	360.000000
613	243.211417	95.211417	360.000000	360.000000
614	242.759106	94.759106	360.000000	360.000000
615	242.304230	94.304230	360.000000	360.000000
616	241.772723	93.772723	360.000000	360.000000
617	241.237715	93.237715	360.000000	360.000000
618	240.699183	92.699183	360.000000	360.000000
619	240.157104	92.157104	360.000000	360.000000
620	239.611455	91.611455	360.000000	360.000000
621	239.062212	91.062212	360.000000	360.000000
622	238.509351	90.509351	360.000000	360.000000
623	237.981343	89.981343	360.000000	360.000000
624	237.450035	89.450035	360.000000	360.000000
625	236.915406	88.915406	360.000000	360.000000
626	236.377437	88.377437	360.000000	360.000000
627	235.836106	87.836106	360.000000	360.000000
628	235.291392	87.291392	360.000000	360.000000
629	234.743273	86.743273	360.000000	360.000000
630	234.262951	86.262951	360.000000	360.000000
631	233.780015	85.780015	360.000000	360.000000
632	233.294451	85.294451	360.000000	360.000000
633	232.806244	84.806244	360.000000	360.000000
634	232.315381	84.315381	360.000000	360.000000
635	231.821845	83.821845	360.000000	360.000000
636	231.325624	83.325624	360.000000	360.000000
637	232.294610	83.294610	360.000000	360.000000
638	234.263586	82.263586	360.000000	360.000000
639	236.232552	80.232552	360.000000	360.000000
640	237.201507	79.201507	360.000000	360.000000
641	239.170451	77.170451	360.000000	360.000000
642	241.139385	75.139385	360.000000	360.000000
643	243.108308	75.108308	360.000000	360.000000
644	245.797924	73.797924	360.000000	360.000000
645	248.482364	73.482364	360.000000	360.000000
646	250.161668	73.161668	360.000000	360.000000
647	252.835874	72.835874	360.000000	360.000000
648	255.505020	72.505020	360.000000	360.000000
649	258.169144	72.169144	360.000000	360.000000
650	260.828285	71.828285	360.000000	360.000000
651	263.535084	71.535084	360.000000	360.000000
652	266.236152	71.236152	360.000000	360.000000
653	270.931535	70.931535	360.000000	360.000000
654	273.621281	70.621281	360.000000	360.000000
655	276.305434	70.305434	360.000000	360.000000
656	278.984039	70.984039	360.000000	360.000000
657	281.657143	70.657143	360.000000	360.000000
658	284.024593	71.024593	360.000000	360.000000
659	286.390404	71.390404	360.000000	360.000000
660	288.754582	70.754582	360.000000	360.000000
661	291.117135	71.117135	360.000000	360.000000
662	293.478070	71.478070	360.000000	360.000000
663	295.837395	71.837395	360.000000	360.000000
664	298.195116	72.195116	360.000000	360.000000
665	300.501326	72.501326	360.000000	360.000000
666	302.806362	72.806362	360.000000	360.000000
667	305.110228	73.110228	360.000000	360.000000
668	307.412927	73.412927	360.000000	360.000000
669	309.714465	73.714465	360.000000	360.000000
670	312.014846	74.014846	360.000000	360.000000
671	314.314075	74.314075	360.000000	360.000000
672	316.400328	74.400328	360.000000	360.000000
673	318.486486	74.486486	360.000000	360.000000
674	321.572549	74.572549	360.000000	360.000000
675	323.658516	74.658516	360.000000	360.000000
676	325.744387	74.744387	360.000000	360.000000
677	327.830163	75.830163	360.000000	360.000000
678	329.915844	76.915844	360.000000	360.000000
679	332.033830	77.033830	360.000000	360.000000
680	334.151635	78.151635	360.000000	360.000000
681	336.269260	79.269260	360.000000	360.000000
682	339.386705	79.386705	360.000000	360.000000
683	341.503971	80.503971	360.000000	360.000000
684	343.621056	81.621056	360.000000	360.000000
685	345.737963	82.737963	360.000000	360.000000
686	347.920805	83.920805	360.000000	360.000000
687	350.103209	85.103209	360.000000	360.000000
688	352.285175	86.285175	360.000000	360.000000
689	355.466706	87.466706	360.000000	360.000000
690	357.647801	88.647801	360.000000	360.000000
691	359.828462	89.828462	360.000000	360.000000
692	362.008689	92.008689	360.000000	360.000000
693	364.153683	93.153683	360.000000	360.000000
694	365.298396	93.298396	360.000000	360.000000
695	365.442829	93.442829	360.000000	360.000000
696	365.586983	93.586983	360.000000	360.000000
697	365.730859	93.730859	360.000000	360.000000
698	365.874456	93.874456	360.000000	360.000000
699	366.017775	94.017775	360.000000	360.000000
700	365.307218	93.307218	360.000000	360.000000
701	364.589835	92.589835	360.000000	360.000000
702	363.865563	91.865563	360.000000	360.000000
703	363.134334	91.134334	360.000000	360.000000
704	362.396082	90.396082	360.000000	360.000000
705	361.650740	89.650740	360.000000	360.000000
706	360.898239	88.898239	360.000000	360.000000
707	359.985858	87.985858	360.000000	360.000000
708	359.062952	87.062952	360.000000	360.000000
709	358.129402	86.129402	360.000000	360.000000
710	357.185084	85.185084	360.000000	360.000000
711	356.229874	84.229874	360.000000	360.000000
712	355.263646	83.263646	360.000000	360.000000
713	354.286273	82.286273	360.000000	360.000000
714	353.355249	81.355249	360.000000	360.000000
715	352.414113	80.414113	360.000000	360.000000
716	351.462754	79.462754	360.000000	360.000000
717	350.501061	78.501061	360.000000	360.000000
718	349.528922	77.528922	360.000000	360.000000
719	348.546224	76.546224	360.000000	360.000000
720	347.552852	75.552852	360.000000	360.000000
721	346.696848	74.696848	360.000000	360.000000
722	345.832919	73.832919	360.000000	360.000000
723	344.960989	72.960989	360.000000	360.000000
724	345.080987	72.080987	360.000000	360.000000
725	346.192836	72.192836	360.000000	360.000000
726	347.296461	71.296461	360.000000	360.000000
727	349.391786	70.391786	360.000000	360.000000
728	351.513610	71.513610	360.000000	360.000000
729	354.635282	72.635282	360.000000	360.000000
730	356.756805	72.756805	360.000000	360.000000
731	359.878177	73.878177	360.000000	360.000000
732	361.999400	73.999400	360.000000	360.000000
733	365.120473	75.120473	360.000000	360.000000
734	367.241396	75.241396	360.000000	360.000000
735	370.434935	76.434935	360.000000	360.000000
736	372.628090	77.628090	360.000000	360.000000
737	374.820863	77.820863	360.000000	360.000000
738	377.013255	79.013255	360.000000	360.000000
739	379.205265	79.205265	360.000000	360.000000
740	381.396896	80.396896	360.000000	360.000000
741	383.588147	81.588147	360.000000	360.000000
742	385.848585	81.848585	360.000000	360.000000
743	388.108319	83.108319	360.000000	360.000000
744	390.367352	83.367352	360.000000	360.000000
745	392.625685	84.625685	360.000000	360.000000
746	392.883320	84.883320	360.000000	360.000000
747	393.140260	85.140260	360.000000	360.000000
748	393.396505	85.396505	360.000000	360.000000
749	393.127856	85.127856	360.000000	360.000000
750	392.858445	84.858445	360.000000	360.000000
751	392.588268	84.588268	360.000000	360.000000
752	392.317325	84.317325	360.000000	360.000000
753	392.045612	84.045612	360.000000	360.000000
754	391.773127	83.773127	360.000000	360.000000
755	391.499868	83.499868	360.000000	360.000000
756	390.944456	82.944456	360.000000	360.000000
757	390.385848	82.385848	360.000000	360.000000
758	389.824024	81.824024	360.000000	360.000000
759	389.258967	81.258967	360.000000	360.000000
760	388.690658	80.690658	360.000000	360.000000
761	388.119077	80.119077	360.000000	360.000000
762	387.544207	79.544207	360.000000	360.000000
763	386.928791	78.928791	360.000000	360.000000
764	386.309605	78.309605	360.000000	360.000000
765	385.686625	77.686625	360.000000	360.000000
766	385.059829	77.059829	360.000000	360.000000
767	384.429193	76.429193	360.000000	360.000000
768	383.794694	75.794694	360.000000	360.000000
769	383.156307	75.156307	360.000000	360.000000
770	382.574355	74.574355	360.000000	360.000000
771	381.989173	73.989173	360.000000	360.000000
772	381.400742	73.400742	360.000000	360.000000
773	380.809045	72.809045	360.000000	360.000000
774	380.214065	72.214065	360.000000	360.000000
775	379.615781	71.615781	360.000000	360.000000
776	379.014177	71.014177	360.000000	360.000000
777	378.501115	70.501115	360.000000	360.000000
778	377.985638	69.985638	360.000000	360.000000
779	377.467734	69.467734	360.000000	360.000000
780	376.947392	68.947392	360.000000	360.000000
781	376.424601	68.424601	360.000000	360.000000
782	375.899349	67.899349	360.000000	360.000000
783	375.371624	67.371624	360.000000	360.000000
784	374.938759	66.938759	360.000000	360.000000
785	374.504232	66.504232	360.000000	360.000000
786	374.068034	66.068034	360.000000	360.000000
787	373.630159	65.630159	360.000000	360.000000
788	373.190602	65.190602	360.000000	360.000000
789	372.749356	64.749356	360.000000	360.000000
790	372.306413	64.306413	360.000000	360.000000
791	371.956365	63.956365	360.000000	360.000000
792	371.605257	63.605257	360.000000	360.000000
793	371.253087	63.253087	360.000000	360.000000
794	370.899851	62.899851	360.000000	360.000000
795	371.545547	62.545547	360.000000	360.000000
796	372.190171	63.190171	360.000000	360.000000
797	373.833719	62.833719	360.000000	360.000000
798	376.317944	64.317944	360.000000	360.000000
799	378.800185	65.800185	360.000000	360.000000
800	380.280450	66.280450	360.000000	360.000000
801	382.758747	67.758747	360.000000	360.000000
802	385.235084	69.235084	360.000000	360.000000
803	386.709469	69.709469	360.000000	360.000000
804	389.181910	71.181910	360.000000	360.000000
805	390.947114	71.947114	360.000000	360.000000
806	392.707219	73.707219	360.000000	360.000000
807	395.462258	75.462258	360.000000	360.000000
808	397.212265	76.212265	360.000000	360.000000
809	398.957273	77.957273	360.000000	360.000000
810	401.697317	78.697317	360.000000	360.000000
811	403.432428	80.432428	360.000000	360.000000
812	404.957440	81.957440	360.000000	360.000000
813	406.479936	83.479936	360.000000	360.000000
814	407.999928	83.999928	360.000000	360.000000
815	409.517429	85.517429	360.000000	360.000000
816	411.032450	87.032450	360.000000	360.000000
817	412.545003	87.545003	360.000000	360.000000
818	414.055100	90.055100	360.000000	360.000000
819	415.549900	90.549900	360.000000	360.000000
820	417.042389	92.042389	360.000000	360.000000
821	418.532577	93.532577	360.000000	360.000000
822	420.020477	94.020477	360.000000	360.000000
823	420.506098	95.506098	360.000000	360.000000
824	421.989451	96.989451	360.000000	360.000000
825	422.470546	98.470546	360.000000	360.000000
826	422.734647	98.734647	360.000000	360.000000
827	422.998069	98.998069	360.000000	360.000000
828	423.260811	99.260811	360.000000	360.000000
829	423.522877	99.522877	360.000000	360.000000
830	423.784268	99.784268	360.000000	360.000000
831	424.044986	100.044986	360.000000	360.000000
832	424.305032	100.305032	360.000000	360.000000
833	423.990856	99.990856	360.000000	360.000000
834	423.675699	99.675699	360.000000	360.000000
835	423.359559	99.359559	360.000000	360.000000
836	423.042433	99.042433	360.000000	360.000000
837	422.724317	98.724317	360.000000	360.000000
838	422.405209	98.405209	360.000000	360.000000
839	422.085105	98.085105	360.000000	360.000000
840	421.591708	97.591708	360.000000	360.000000
841	421.095945	97.095945	360.000000	360.000000
842	420.597806	96.597806	360.000000	360.000000
843	420.097279	96.097279	360.000000	360.000000
844	419.594352	95.594352	360.000000	360.000000
845	419.089013	95.089013	360.000000	360.000000
846	418.581253	94.581253	360.000000	360.000000
847	418.062371	94.062371	360.000000	360.000000
848	417.540959	93.540959	360.000000	360.000000
849	417.017004	93.017004	360.000000	360.000000
850	416.490495	92.490495	360.000000	360.000000
851	415.961419	91.961419	360.000000	360.000000
852	415.429763	91.429763	360.000000	360.000000
853	414.895515	90.895515	360.000000	360.000000
854	414.408394	90.408394	360.000000	360.000000
855	413.919117	89.919117	360.000000	360.000000
856	413.427676	89.427676	360.000000	360.000000
857	412.934061	88.934061	360.000000	360.000000
858	412.438262	88.438262	360.000000	360.000000
859	411.940269	87.940269	360.000000	360.000000
860	411.440074	87.440074	360.000000	360.000000
861	411.135213	87.135213	360.000000	360.000000
862	410.829533	85.829533	360.000000	360.000000
863	409.523034	84.523034	360.000000	360.000000
864	408.215711	84.215711	360.000000	360.000000
865	406.907563	82.907563	360.000000	360.000000
866	405.598588	81.598588	360.000000	360.000000
867	403.288784	79.288784	360.000000	360.000000
868	404.118978	79.118978	360.000000	360.000000
869	403.943216	79.943216	360.000000	360.000000
870	403.761541	79.761541	360.000000	360.000000
871	403.573994	79.573994	360.000000	360.000000
872	403.380618	79.380618	360.000000	360.000000
873	403.181455	79.181455	360.000000	360.000000
874	402.976545	79.976545	360.000000	360.000000
875	402.926611	79.926611	360.000000	360.000000
876	401.868473	79.868473	360.000000	360.000000
877	401.802202	80.802202	360.000000	360.000000
878	401.727867	80.727867	360.000000	360.000000
879	400.645540	81.645540	360.000000	360.000000
880	400.555288	81.555288	360.000000	360.000000
881	400.457181	82.457181	360.000000	360.000000
882	399.099451	82.099451	360.000000	360.000000
883	398.737737	81.737737	360.000000	360.000000
884	397.372065	81.372065	360.000000	360.000000
885	396.002457	81.002457	360.000000	360.000000
886	394.628939	81.628939	360.000000	360.000000
887	394.251535	82.251535	360.000000	360.000000
888	392.870269	81.870269	360.000000	360.000000
889	391.287738	81.287738	360.000000	360.000000
890	389.703450	80.703450	360.000000	360.000000
891	388.117410	81.117410	360.000000	360.000000
892	386.529627	80.529627	360.000000	360.000000
893	384.940109	80.940109	360.000000	360.000000
894	383.348861	80.348861	360.000000	360.000000
895	381.755892	79.755892	360.000000	360.000000
896	380.025392	80.025392	360.000000	360.000000
897	378.294136	79.294136	360.000000	360.000000
898	376.562128	79.562128	360.000000	360.000000
899	374.829370	79.829370	360.000000	360.000000
900	373.095863	79.095863	360.000000	360.000000
901	371.361611	78.361611	360.000000	360.000000
902	369.626614	77.626614	360.000000	360.000000
903	368.163115	78.163115	360.000000	360.000000
904	365.696567	77.696567	360.000000	360.000000
905	364.226986	78.226986	360.000000	360.000000
906	361.754389	77.754389	360.000000	360.000000
907	360.278795	78.278795	360.000000	360.000000
908	358.800219	78.800219	360.000000	360.000000
909	357.318679	78.318679	360.000000	360.000000
910	357.481148	78.481148	360.000000	360.000000
911	357.643325	78.643325	360.000000	360.000000
912	357.805212	78.805212	360.000000	360.000000
913	357.966809	78.966809	360.000000	360.000000
914	358.128117	79.128117	360.000000	360.000000
915	358.289135	79.289135	360.000000	360.000000
916	358.449865	79.449865	360.000000	360.000000
917	358.030621	79.030621	360.000000	360.000000
918	357.609414	78.609414	360.000000	360.000000
919	357.186236	78.186236	360.000000	360.000000
920	356.761076	77.761076	360.000000	360.000000
921	356.333925	77.333925	360.000000	360.000000
922	355.904775	76.904775	360.000000	360.000000
923	355.473616	76.473616	360.000000	360.000000
924	354.890484	75.890484	360.000000	360.000000
925	354.303676	75.303676	360.000000	360.000000
926	353.713171	74.713171	360.000000	360.000000
927	353.118944	74.118944	360.000000	360.000000
928	352.520972	73.520972	360.000000	360.000000
929	351.919231	72.919231	360.000000	360.000000
930	351.313698	72.313698	360.000000	360.000000
931	350.733768	71.733768	360.000000	360.000000
932	350.150359	71.150359	360.000000	360.000000
933	349.563451	70.563451	360.000000	360.000000
934	348.973023	69.973023	360.000000	360.000000
935	348.379054	69.379054	360.000000	360.000000
936	347.781521	68.781521	360.000000	360.000000
937	347.180405	68.180405	360.000000	360.000000
938	346.665496	67.665496	360.000000	360.000000
939	346.147957	67.147957	360.000000	360.000000
940	343.627775	65.627775	360.000000	360.000000
941	341.104937	62.104937	360.000000	360.000000
942	338.579428	59.579428	360.000000	360.000000
943	336.051235	57.051235	360.000000	360.000000
944	332.520344	54.520344	360.000000	360.000000
945	331.910943	53.910943	360.000000	360.000000
946	331.283033	54.283033	360.000000	360.000000
947	330.636860	53.636860	360.000000	360.000000
948	329.972669	53.972669	360.000000	360.000000
949	329.290698	54.290698	360.000000	360.000000
950	327.591185	55.591185	360.000000	360.000000
951	326.874362	55.874362	360.000000	360.000000
952	326.102451	56.102451	360.000000	360.000000
953	325.314685	56.314685	360.000000	360.000000
954	324.511269	57.511269	360.000000	360.000000
955	323.692405	57.692405	360.000000	360.000000
956	321.858292	58.858292	360.000000	360.000000
957	321.009127	59.009127	360.000000	360.000000
958	320.145104	60.145104	360.000000	360.000000
959	318.963094	60.963094	360.000000	360.000000
960	317.773380	61.773380	360.000000	360.000000
961	316.576035	62.576035	360.000000	360.000000
962	315.371131	63.371131	360.000000	360.000000
963	313.158738	64.158738	360.000000	360.000000
964	311.938928	64.938928	360.000000	360.000000
965	310.711770	65.711770	360.000000	360.000000
966	309.225979	66.225979	360.000000	360.000000
967	307.736934	66.736934	360.000000	360.000000
968	306.244658	67.244658	360.000000	360.000000
969	304.749170	67.749170	360.000000	360.000000
970	303.250490	68.250490	360.000000	360.000000
971	301.748639	68.748639	360.000000	360.000000
972	300.243637	70.243637	360.000000	360.000000
973	300.311327	70.311327	360.000000	360.000000
974	300.378958	70.378958	360.000000	360.000000
975	300.446530	70.446530	360.000000	360.000000
976	300.514044	70.514044	360.000000	360.000000
977	300.581498	70.581498	360.000000	360.000000
978	300.648894	70.648894	360.000000	360.000000
979	300.716231	70.716231	360.000000	360.000000
980	300.168886	70.168886	360.000000	360.000000
981	299.617664	69.617664	360.000000	360.000000
982	299.062538	69.062538	360.000000	360.000000
983	298.503481	68.503481	360.000000	360.000000
984	297.940464	67.940464	360.000000	360.000000
985	297.373459	67.373459	360.000000	360.000000
986	296.802440	66.802440	360.000000	360.000000
987	296.098431	66.098431	360.000000	360.000000
988	295.388317	65.388317	360.000000	360.000000
989	294.672048	64.672048	360.000000	360.000000
990	293.949567	63.949567	360.000000	360.000000
991	293.220823	63.220823	360.000000	360.000000
992	292.485760	62.485760	360.000000	360.000000
993	290.744324	61.744324	360.000000	360.000000
994	289.524639	61.524639	360.000000	360.000000
995	288.304395	61.304395	360.000000	360.000000
996	287.083590	61.083590	360.000000	360.000000
997	285.862222	60.862222	360.000000	360.000000
998	284.640291	60.640291	360.000000	360.000000
999	284.417794	60.417794	360.000000	360.000000
1000	283.194730	60.194730	360.000000	360.000000
1001	283.663538	60.663538	360.000000	360.000000
1002	283.129842	61.129842	360.000000	360.000000
1003	283.593656	61.593656	360.000000	360.000000
1004	283.054994	62.054994	360.000000	360.000000
1005	282.513869	62.513869	360.000000	360.000000
1006	281.970294	61.970294	360.000000	360.000000
1007	281.424282	62.424282	360.000000	360.000000
1008	279.919109	61.919109	360.000000	360.000000
1009	280.411040	62.411040	360.000000	360.000000
1010	280.900093	62.900093	360.000000	360.000000
1011	281.386285	63.386285	360.000000	360.000000
1012	281.869632	63.869632	360.000000	360.000000
1013	282.350151	64.350151	360.000000	360.000000
1014	282.827859	64.827859	360.000000	360.000000
1015	282.517154	64.517154	360.000000	360.000000
1016	282.205259	64.205259	360.000000	360.000000
1017	281.892171	63.892171	360.000000	360.000000
1018	281.577884	63.577884	360.000000	360.000000
1019	281.262394	63.262394	360.000000	360.000000
1020	280.945697	62.945697	360.000000	360.000000
1021	280.627788	62.627788	360.000000	360.000000
1022	280.103241	62.103241	360.000000	360.000000
1023	279.575395	61.575395	360.000000	360.000000
1024	279.044227	61.044227	360.000000	360.000000
1025	278.509718	60.509718	360.000000	360.000000
1026	277.971846	59.971846	360.000000	360.000000
1027	275.430589	59.430589	360.000000	360.000000
1028	273.885927	58.885927	360.000000	360.000000
1029	270.980214	57.980214	360.000000	360.000000
1030	267.074399	58.074399	360.000000	360.000000
1031	265.168481	58.168481	360.000000	360.000000
1032	261.262462	58.262462	360.000000	360.000000
1033	258.356341	58.356341	360.000000	360.000000
1034	255.450118	58.450118	360.000000	360.000000
1035	253.543794	59.543794	360.000000	360.000000
1036	252.976839	58.976839	360.000000	360.000000
1037	253.407715	59.407715	360.000000	360.000000
1038	253.836433	59.836433	360.000000	360.000000
1039	254.263003	60.263003	360.000000	360.000000
1040	254.687436	60.687436	360.000000	360.000000
1041	255.109744	61.109744	360.000000	360.000000
1042	255.529936	61.529936	360.000000	360.000000
1043	255.338284	61.338284	360.000000	360.000000
1044	255.146192	61.146192	360.000000	360.000000
1045	254.953659	60.953659	360.000000	360.000000
1046	254.760684	60.760684	360.000000	360.000000
1047	254.567265	60.567265	360.000000	360.000000
1048	254.373403	60.373403	360.000000	360.000000
1049	254.179096	60.179096	360.000000	360.000000
1050	253.786717	59.786717	360.000000	360.000000
1051	253.392524	59.392524	360.000000	360.000000
1052	252.996507	58.996507	360.000000	360.000000
1053	252.598658	58.598658	360.000000	360.000000
1054	252.198969	58.198969	360.000000	360.000000
1055	251.797431	57.797431	360.000000	360.000000
1056	251.394035	57.394035	360.000000	360.000000
1057	250.955261	56.955261	360.000000	360.000000
1058	250.514290	56.514290	360.000000	360.000000
1059	249.071110	56.071110	360.000000	360.000000
1060	244.625710	56.625710	360.000000	360.000000
1061	238.178080	58.178080	360.000000	360.000000
1062	230.728207	59.728207	360.000000	360.000000
1063	224.276082	61.276082	360.000000	360.000000
1064	219.642713	64.642713	360.000000	360.000000
1065	215.988758	66.988758	360.000000	360.000000
1066	212.314527	70.314527	360.000000	360.000000
1067	208.620325	72.620325	360.000000	360.000000
1068	204.906452	75.906452	360.000000	360.000000
1069	201.173206	78.173206	360.000000	360.000000
1070	196.420879	81.420879	360.000000	360.000000
1071	192.399090	84.399090	360.000000	360.000000
1072	187.365571	87.365571	360.000000	360.000000
1073	184.320464	89.320464	360.000000	360.000000
1074	181.263907	91.263907	360.000000	360.000000
1075	177.196036	94.196036	360.000000	360.000000
1076	174.116989	96.116989	360.000000	360.000000
1077	171.026898	98.026898	360.000000	360.000000
1078	165.960623	100.960623	360.000000	360.000000
1079	161.882719	103.882719	360.000000	360.000000
1080	158.793331	105.793331	360.000000	360.000000
1081	155.692602	107.692602	360.000000	360.000000
1082	152.580674	109.580674	360.000000	360.000000
1083	150.457685	111.457685	360.000000	360.000000
1084	147.323774	113.323774	360.000000	360.000000
1085	145.020165	115.020165	360.000000	360.000000
1086	141.709495	116.709495	360.000000	360.000000
1087	139.391835	118.391835	360.000000	360.000000
1088	139.067256	119.067256	360.000000	360.000000
1089	139.735828	119.735828	360.000000	360.000000
1090	140.397620	120.397620	360.000000	360.000000
1091	141.052702	121.052702	360.000000	360.000000
1092	140.730813	120.730813	360.000000	360.000000
1093	140.407304	120.407304	360.000000	360.000000
1094	140.082166	120.082166	360.000000	360.000000
1095	139.755392	119.755392	360.000000	360.000000
1096	139.426973	119.426973	360.000000	360.000000
1097	139.096901	119.096901	360.000000	360.000000
1098	138.765167	118.765167	360.000000	360.000000
1099	138.196853	118.196853	360.000000	360.000000
1100	137.623663	117.623663	360.000000	360.000000
1101	137.045554	117.045554	360.000000	360.000000
1102	136.462485	116.462485	360.000000	360.000000
1103	135.874414	115.874414	360.000000	360.000000
1104	135.281296	115.281296	360.000000	360.000000
1105	134.683090	114.683090	360.000000	360.000000
1106	134.074185	114.074185	360.000000	360.000000
1107	133.460007	113.460007	360.000000	360.000000
1108	132.840510	112.840510	360.000000	360.000000
1109	132.215649	112.215649	360.000000	360.000000
1110	131.585377	111.585377	360.000000	360.000000
1111	130.949648	110.949648	360.000000	360.000000
1112	130.308413	110.308413	360.000000	360.000000
1113	129.725002	109.725002	360.000000	360.000000
1114	129.137033	109.137033	360.000000	360.000000
1115	128.544473	108.544473	360.000000	360.000000
1116	127.947283	107.947283	360.000000	360.000000
1117	127.345430	107.345430	360.000000	360.000000
1118	126.738875	106.738875	360.000000	360.000000
1119	127.127582	106.127582	360.000000	360.000000
1120	129.065344	105.065344	360.000000	360.000000
1121	137.003056	103.003056	360.000000	360.000000
1122	139.940719	101.940719	360.000000	360.000000
1123	142.878333	100.878333	360.000000	360.000000
1124	145.815898	99.815898	360.000000	360.000000
1125	148.753414	99.753414	360.000000	360.000000
1126	152.690880	97.690880	360.000000	360.000000
1127	157.412573	97.412573	360.000000	360.000000
1128	162.127699	97.127699	360.000000	360.000000
1129	166.836317	96.836317	360.000000	360.000000
1130	171.538488	96.538488	360.000000	360.000000
1131	176.234268	96.234268	360.000000	360.000000
1132	180.923717	95.923717	360.000000	360.000000
1133	186.606893	94.606893	360.000000	360.000000
1134	193.327174	93.327174	360.000000	360.000000
1135	198.040482	93.040482	360.000000	360.000000
1136	204.746883	91.746883	360.000000	360.000000
1137	209.446445	91.446445	360.000000	360.000000
1138	215.139234	91.139234	360.000000	360.000000
1139	220.825315	89.825315	360.000000	360.000000
1140	226.504753	89.504753	360.000000	360.000000
1141	231.750086	87.750086	360.000000	360.000000
1142	236.994552	86.994552	360.000000	360.000000
1143	243.238156	85.238156	360.000000	360.000000
1144	248.480900	84.480900	360.000000	360.000000
1145	254.722786	82.722786	360.000000	360.000000
1146	260.963819	80.963819	360.000000	360.000000
1147	267.204001	79.204001	360.000000	360.000000
1148	273.739993	78.739993	360.000000	360.000000
1149	275.271748	79.271748	360.000000	360.000000
1150	275.799299	79.799299	360.000000	360.000000
1151	276.322679	80.322679	360.000000	360.000000
1152	276.841921	80.841921	360.000000	360.000000
1153	277.357058	81.357058	360.000000	360.000000
1154	277.868123	81.868123	360.000000	360.000000
1155	277.418083	81.418083	360.000000	360.000000
1156	276.964884	80.964884	360.000000	360.000000
1157	276.508506	80.508506	360.000000	360.000000
1158	276.048925	80.048925	360.000000	360.000000
1159	275.586119	79.586119	360.000000	360.000000
1160	275.120065	79.120065	360.000000	360.000000
1161	274.650741	78.650741	360.000000	360.000000
1162	273.990039	77.990039	360.000000	360.000000
1163	273.322855	77.322855	360.000000	360.000000
1164	272.649126	76.649126	360.000000	360.000000
1165	271.968788	75.968788	360.000000	360.000000
1166	271.281776	75.281776	360.000000	360.000000
1167	270.588024	74.588024	360.000000	360.000000
1168	269.887466	73.887466	360.000000	360.000000
1169	270.384667	73.384667	360.000000	360.000000
1170	275.878362	70.878362	360.000000	360.000000
1171	281.368527	68.368527	360.000000	360.000000
1172	288.855138	65.855138	360.000000	360.000000
1173	294.338168	63.338168	360.000000	360.000000
1174	300.817594	60.817594	360.000000	360.000000
1175	307.293391	58.293391	360.000000	360.000000
1176	314.749349	56.749349	360.000000	360.000000
1177	323.202562	55.202562	360.000000	360.000000
1178	331.653044	53.653044	360.000000	360.000000
1179	340.100814	52.100814	360.000000	360.000000
1180	348.545887	50.545887	360.000000	360.000000
1181	356.988279	47.988279	360.000000	360.000000
1182	365.428007	46.428007	360.000000	360.000000
1183	374.586262	43.586262	360.000000	360.000000
1184	383.744172	41.744172	360.000000	360.000000
1185	392.901737	38.901737	360.000000	360.000000
1186	396.058959	38.058959	360.000000	360.000000
1187	396.215838	38.215838	360.000000	360.000000
1188	396.372374	38.372374	360.000000	360.000000
1189	396.528570	38.528570	360.000000	360.000000
1190	395.909682	37.909682	360.000000	360.000000
1191	395.285434	37.285434	360.000000	360.000000
1192	394.655781	36.655781	360.000000	360.000000
1193	394.020676	36.020676	360.000000	360.000000
1194	393.380071	35.380071	360.000000	360.000000
1195	392.733919	34.733919	360.000000	360.000000
1196	392.082172	34.082172	360.000000	360.000000
1197	391.266700	33.266700	360.000000	360.000000
1198	390.442468	32.442468	360.000000	360.000000
1199	389.609383	31.609383	360.000000	360.000000
1200	388.767349	30.767349	360.000000	360.000000
1201	387.916270	29.916270	360.000000	360.000000
1202	387.056050	29.056050	360.000000	360.000000
1203	386.186590	28.186590	360.000000	360.000000
1204	385.352723	27.352723	360.000000	360.000000
1205	384.510357	26.510357	360.000000	360.000000
1206	383.659405	25.659405	360.000000	360.000000
1207	382.799781	24.799781	360.000000	360.000000
1208	381.931395	23.931395	360.000000	360.000000
1209	381.054157	23.054157	360.000000	360.000000
1210	380.167979	22.167979	360.000000	360.000000
1211	379.381273	21.381273	360.000000	360.000000
1212	378.587521	20.587521	360.000000	360.000000
1213	377.786658	19.786658	360.000000	360.000000
1214	376.978623	18.978623	360.000000	360.000000
1215	376.163350	18.163350	360.000000	360.000000
1216	375.340774	17.340774	360.000000	360.000000
1217	374.510831	16.510831	360.000000	360.000000
1218	373.813762	15.813762	360.000000	360.000000
1219	373.111496	15.111496	360.000000	360.000000
1220	372.403993	14.403993	360.000000	360.000000
1221	371.691215	13.691215	360.000000	360.000000
1222	370.973123	12.973123	360.000000	360.000000
1223	370.249676	12.249676	360.000000	360.000000
1224	369.520835	11.520835	360.000000	360.000000
1225	368.926260	10.926260	360.000000	360.000000
1226	368.328095	10.328095	360.000000	360.000000
1227	367.726319	9.726319	360.000000	360.000000
1228	367.120909	9.120909	360.000000	360.000000
1229	366.511844	8.511844	360.000000	360.000000
1230	366.899102	7.899102	360.000000	360.000000
1231	373.282661	5.282661	360.000000	360.000000
1232	385.051081	3.051081	360.000000	360.000000
1233	395.813753	1.813753	360.000000	360.000000
1234	407.570719	-0.429281	360.000000	360.000000
1235	418.322023	-1.677977	360.000000	360.000000
1236	429.067706	-3.932294	360.000000	360.000000
1237	440.807810	-6.192190	360.000000	360.000000
1238	452.542378	-7.457622	360.000000	360.000000
1239	464.571341	-9.428659	360.000000	360.000000
1240	476.589439	-10.410561	360.000000	360.000000
1241	489.596789	-12.403211	360.000000	360.000000
1242	502.593502	-14.406498	360.000000	360.000000
1243	515.579693	-15.420307	360.000000	360.000000
1244	528.555471	-17.444529	360.000000	360.000000
1245	555.520946	-22.479054	360.000000	360.000000
1246	569.617080	-24.382920	360.000000	360.000000
1247	577.699934	-24.300066	360.000000	360.000000
1248	578.769670	-23.230330	360.000000	360.000000
1249	579.826446	-22.173554	360.000000	360.000000
1250	580.870419	-22.129581	360.000000	360.000000
1251	581.901745	-20.098255	360.000000	360.000000
1252	582.920577	-19.079423	360.000000	360.000000
1253	582.849515	-19.150485	360.000000	360.000000
1254	582.778393	-19.221607	360.000000	360.000000
1255	582.707210	-19.292790	360.000000	360.000000
1256	582.635966	-19.364034	360.000000	360.000000
1257	582.564661	-19.435339	360.000000	360.000000
1258	582.493296	-19.506704	360.000000	360.000000
1259	582.421869	-19.578131	360.000000	360.000000
1260	581.976894	-20.023106	360.000000	360.000000
1261	581.529550	-20.470450	360.000000	360.000000
1262	581.079824	-20.920176	360.000000	360.000000
1263	580.627704	-21.372296	360.000000	360.000000
1264	580.173176	-21.826824	360.000000	360.000000
1265	579.716229	-22.283771	360.000000	360.000000
1266	579.256849	-22.743151	360.000000	360.000000
1267	578.691656	-23.308344	360.000000	360.000000
1268	578.122780	-23.877220	360.000000	360.000000
1269	577.550198	-24.449802	360.000000	360.000000
1270	575.973885	-25.026115	360.000000	360.000000
1271	566.393816	-23.606184	360.000000	360.000000
1272	552.809969	-21.190031	360.000000	360.000000
1273	539.222317	-19.777683	360.000000	360.000000
1274	528.018284	-15.981716	360.000000	360.000000
1275	515.807272	-12.192728	360.000000	360.000000
1276	504.589342	-8.410658	360.000000	360.000000
1277	493.364555	-4.635445	360.000000	360.000000
1278	482.132970	-1.867030	360.000000	360.000000
1279	471.894648	1.894648	360.000000	360.000000
1280	461.649647	4.649647	360.000000	360.000000
1281	451.345186	8.345186	360.000000	360.000000
1282	442.035056	12.035056	360.000000	360.000000
1283	431.719304	15.719304	360.000000	360.000000
1284	422.397976	18.397976	360.000000	360.000000
1285	413.071118	22.071118	360.000000	360.000000
1286	403.738774	24.738774	360.000000	360.000000
1287	394.400989	27.400989	360.000000	360.000000
1288	385.891700	30.891700	360.000000	360.000000
1289	377.379423	33.379423	360.000000	360.000000
1290	368.864176	36.864176	360.000000	360.000000
1291	359.345978	40.345978	360.000000	360.000000
1292	351.824847	42.824847	360.000000	360.000000
1293	343.300800	46.300800	360.000000	360.000000
1294	335.773856	49.773856	360.000000	360.000000
1295	328.254076	52.254076	360.000000	360.000000
1296	320.731311	55.731311	360.000000	360.000000
1297	314.205577	57.205577	360.000000	360.000000
1298	307.676895	59.676895	360.000000	360.000000
1299	300.145281	63.145281	360.000000	360.000000
1300	293.610755	65.610755	360.000000	360.000000
1301	287.073335	68.073335	360.000000	360.000000
1302	280.279634	71.279634	360.000000	360.000000
1303	274.485356	72.485356	360.000000	360.000000
1304	267.690505	74.690505	360.000000	360.000000
1305	261.895081	76.895081	360.000000	360.000000
1306	256.099087	79.099087	360.000000	360.000000
1307	250.302523	80.302523	360.000000	360.000000
1308	244.505391	82.505391	360.000000	360.000000
1309	239.522925	83.522925	360.000000	360.000000
1310	233.540455	85.540455	360.000000	360.000000
1311	227.557981	87.557981	360.000000	360.000000
1312	222.575502	88.575502	360.000000	360.000000
1313	217.593020	90.593020	360.000000	360.000000
1314	212.610533	91.610533	360.000000	360.000000
1315	206.628041	93.628041	360.000000	360.000000
1316	202.735588	94.735588	360.000000	360.000000
1317	196.842976	96.842976	360.000000	360.000000
1318	192.950203	97.950203	360.000000	360.000000
1319	188.057271	99.057271	360.000000	360.000000
1320	184.164181	100.164181	360.000000	360.000000
1321	182.270931	101.270931	360.000000	360.000000
1322	182.377523	101.377523	360.000000	360.000000
1323	181.902960	100.902960	360.000000	360.000000
1324	181.425254	100.425254	360.000000	360.000000
1325	180.944382	99.944382	360.000000	360.000000
1326	180.460324	99.460324	360.000000	360.000000
1327	179.973059	98.973059	360.000000	360.000000
1328	179.482565	98.482565	360.000000	360.000000
1329	178.988821	97.988821	360.000000	360.000000
1330	181.384012	96.384012	360.000000	360.000000
1331	184.774326	94.774326	360.000000	360.000000
1332	189.159725	93.159725	360.000000	360.000000
1333	193.540168	90.540168	360.000000	360.000000
1334	197.915615	88.915615	360.000000	360.000000
1335	202.286027	86.286027	360.000000	360.000000
1336	206.651362	84.651362	360.000000	360.000000
1337	211.635851	82.635851	360.000000	360.000000
1338	216.620338	81.620338	360.000000	360.000000
1339	222.604821	79.604821	360.000000	360.000000
1340	227.589301	78.589301	360.000000	360.000000
1341	233.573778	76.573778	360.000000	360.000000
1342	238.558252	74.558252	360.000000	360.000000
1343	244.542723	73.542723	360.000000	360.000000
1344	250.883365	71.883365	360.000000	360.000000
1345	257.222546	70.222546	360.000000	360.000000
1346	263.560273	68.560273	360.000000	360.000000
1347	270.896553	66.896553	360.000000	360.000000
1348	277.231390	65.231390	360.000000	360.000000
1349	284.564792	63.564792	360.000000	360.000000
1350	291.896765	61.896765	360.000000	360.000000
1351	299.267945	60.267945	360.000000	360.000000
1352	306.637338	58.637338	360.000000	360.000000
1353	315.004953	57.004953	360.000000	360.000000
1354	322.370798	55.370798	360.000000	360.000000
1355	330.734882	53.734882	360.000000	360.000000
1356	339.097213	52.097213	360.000000	360.000000
1357	347.457799	50.457799	360.000000	360.000000
1358	355.446176	47.446176	360.000000	360.000000
1359	363.434551	45.434551	360.000000	360.000000
1360	373.422923	42.422923	360.000000	360.000000
1361	381.411294	40.411294	360.000000	360.000000
1362	390.399664	37.399664	360.000000	360.000000
1363	399.388031	35.388031	360.000000	360.000000
1364	409.376397	32.376397	360.000000	360.000000
1365	419.043862	30.043862	360.000000	360.000000
1366	428.709846	26.709846	360.000000	360.000000
1367	438.374342	23.374342	360.000000	360.000000
1368	448.037342	20.037342	360.000000	360.000000
1369	458.698841	17.698841	360.000000	360.000000
1370	469.358831	14.358831	360.000000	360.000000
1371	480.017306	11.017306	360.000000	360.000000
1372	490.800971	8.800971	360.000000	360.000000
1373	501.584027	5.584027	360.000000	360.000000
1374	513.366474	3.366474	360.000000	360.000000
1375	525.148309	0.148309	360.000000	360.000000
1376	537.929532	-3.070468	360.000000	360.000000
1377	549.710139	-6.289861	360.000000	360.000000
1378	567.490130	-9.509870	360.000000	360.000000
1379	567.352990	-9.647010	360.000000	360.000000
1380	567.215610	-9.784390	360.000000	360.000000
1381	567.077990	-10.922010	360.000000	360.000000
1382	566.940129	-10.059871	360.000000	360.000000
1383	566.802028	-10.197972	360.000000	360.000000
1384	566.663686	-10.336314	360.000000	360.000000
1385	566.525102	-10.474898	360.000000	360.000000
1386	565.758102	-12.241898	360.000000	360.000000
1387	564.983700	-12.016300	360.000000	360.000000
1388	564.201825	-13.798175	360.000000	360.000000
1389	563.412404	-13.587596	360.000000	360.000000
1390	562.615364	-14.384636	360.000000	360.000000
1391	561.810632	-15.189368	360.000000	360.000000
1392	560.998134	-16.001866	360.000000	360.000000
1393	560.098579	-17.901421	360.000000	360.000000
1394	559.189503	-17.810497	360.000000	360.000000
1395	556.270808	-18.729192	360.000000	360.000000
1396	548.342390	-18.657610	360.000000	360.000000
1397	534.404146	-16.595854	360.000000	360.000000
1398	521.455974	-15.544026	360.000000	360.000000
1399	508.497767	-12.502233	360.000000	360.000000
1400	495.763611	-9.236389	360.000000	360.000000
1401	485.028683	-6.971317	360.000000	360.000000
1402	473.292985	-3.707015	360.000000	360.000000
1403	462.556518	-1.443482	360.000000	360.000000
1404	451.819287	1.819287	360.000000	360.000000
1405	441.081291	5.081291	360.000000	360.000000
1406	431.342535	7.342535	360.000000	360.000000
1407	420.516016	10.516016	360.000000	360.000000
1408	410.689162	13.689162	360.000000	360.000000
1409	400.861972	15.861972	360.000000	360.000000
1410	391.034448	19.034448	360.000000	360.000000
1411	382.206591	21.206591	360.000000	360.000000
1412	372.378400	24.378400	360.000000	360.000000
1413	363.549877	26.549877	360.000000	360.000000
1414	355.152230	30.152230	360.000000	360.000000
1415	346.750482	33.750482	360.000000	360.000000
1416	338.344659	36.344659	360.000000	360.000000
1417	330.934789	39.934789	360.000000	360.000000
1418	323.520901	42.520901	360.000000	360.000000
1419	316.103021	45.103021	360.000000	360.000000
1420	308.681177	48.681177	360.000000	360.000000
1421	305.896690	48.896690	360.000000	360.000000
1422	306.111652	49.111652	360.000000	360.000000
1423	306.326065	49.326065	360.000000	360.000000
1424	306.539929	49.539929	360.000000	360.000000
1425	306.753247	49.753247	360.000000	360.000000
1426	306.966020	49.966020	360.000000	360.000000
1427	307.178249	50.178249	360.000000	360.000000
1428	306.652985	49.652985	360.000000	360.000000
1429	306.124390	49.124390	360.000000	360.000000
1430	305.592443	48.592443	360.000000	360.000000
1431	305.057122	48.057122	360.000000	360.000000
1432	304.518405	47.518405	360.000000	360.000000
1433	303.976273	46.976273	360.000000	360.000000
1434	303.430702	46.430702	360.000000	360.000000
1435	302.723682	45.723682	360.000000	360.000000
1436	302.010887	45.010887	360.000000	360.000000
1437	301.292272	44.292272	360.000000	360.000000
1438	300.567787	43.567787	360.000000	360.000000
1439	299.837385	42.837385	360.000000	360.000000
1440	299.101018	42.101018	360.000000	360.000000
1441	298.358637	41.358637	360.000000	360.000000
1442	297.661507	40.661507	360.000000	360.000000
1443	296.959074	39.959074	360.000000	360.000000
1444	296.251297	39.251297	360.000000	360.000000
1445	295.538135	38.538135	360.000000	360.000000
1446	294.819549	37.819549	360.000000	360.000000
1447	294.095497	37.095497	360.000000	360.000000
1448	293.365936	36.365936	360.000000	360.000000
1449	292.857135	35.857135	360.000000	360.000000
1450	287.345655	33.345655	360.000000	360.000000
1451	277.831482	29.831482	360.000000	360.000000
1452	267.314602	26.314602	360.000000	360.000000
1453	256.795000	22.795000	360.000000	360.000000
1454	246.272662	18.272662	360.000000	360.000000
1455	235.747574	14.747574	360.000000	360.000000
1456	225.561968	12.561968	360.000000	360.000000
1457	215.369745	9.369745	360.000000	360.000000
1458	210.170961	8.170961	360.000000	360.000000
1459	210.965668	8.965668	360.000000	360.000000
1460	211.753920	9.753920	360.000000	360.000000
1461	212.535768	10.535768	360.000000	360.000000
1462	213.311265	11.311265	360.000000	360.000000
1463	212.909091	10.909091	360.000000	360.000000
1464	212.505210	10.505210	360.000000	360.000000
1465	212.099613	10.099613	360.000000	360.000000
1466	211.692293	9.692293	360.000000	360.000000
1467	211.283244	9.283244	360.000000	360.000000
1468	210.872457	8.872457	360.000000	360.000000
1469	210.459925	8.459925	360.000000	360.000000
1470	209.773404	7.773404	360.000000	360.000000
1471	209.082052	7.082052	360.000000	360.000000
1472	208.385834	6.385834	360.000000	360.000000
1473	208.684715	5.684715	360.000000	360.000000
1474	215.978662	7.978662	360.000000	360.000000
1475	225.267639	10.267639	360.000000	360.000000
1476	235.551612	13.551612	360.000000	360.000000
1477	246.040271	17.040271	360.000000	360.000000
1478	256.526600	21.526600	360.000000	360.000000
1479	267.010608	24.010608	360.000000	360.000000
1480	276.492309	27.492309	360.000000	360.000000
1481	286.971711	31.971711	360.000000	360.000000
1482	296.448827	34.448827	360.000000	360.000000
1483	305.923667	36.923667	360.000000	360.000000
1484	315.659435	40.659435	360.000000	360.000000
1485	324.389738	44.389738	360.000000	360.000000
1486	334.114618	46.114618	360.000000	360.000000
1487	341.834114	49.834114	360.000000	360.000000
1488	351.548268	52.548268	360.000000	360.000000
1489	360.257118	55.257118	360.000000	360.000000
1490	367.960704	56.960704	360.000000	360.000000
1491	375.371136	59.371136	360.000000	360.000000
1492	377.779778	60.779778	360.000000	360.000000
1493	378.186636	61.186636	360.000000	360.000000
1494	378.591718	61.591718	360.000000	360.000000
1495	378.995032	61.995032	360.000000	360.000000
1496	379.396586	62.396586	360.000000	360.000000
1497	379.796387	62.796387	360.000000	360.000000
1498	379.403761	62.403761	360.000000	360.000000
1499	379.009445	62.009445	360.000000	360.000000
1500	378.613431	61.613431	360.000000	360.000000
1501	378.215712	61.215712	360.000000	360.000000
1502	377.816281	60.816281	360.000000	360.000000
1503	377.415131	60.415131	360.000000	360.000000
1504	377.012254	60.012254	360.000000	360.000000
1505	376.397524	59.397524	360.000000	360.000000
1506	375.778774	58.778774	360.000000	360.000000
1507	375.155976	58.155976	360.000000	360.000000
1508	374.529106	57.529106	360.000000	360.000000
1509	373.898135	56.898135	360.000000	360.000000
1510	373.263037	56.263037	360.000000	360.000000
1511	372.623785	55.623785	360.000000	360.000000
1512	371.988981	54.988981	360.000000	360.000000
1513	371.350080	54.350080	360.000000	360.000000
1514	370.707056	53.707056	360.000000	360.000000
1515	370.059883	53.059883	360.000000	360.000000
1516	369.408534	52.408534	360.000000	360.000000
1517	368.752981	51.752981	360.000000	360.000000
1518	368.093199	51.093199	360.000000	360.000000
1519	367.518024	50.518024	360.000000	360.000000
1520	366.939634	49.939634	360.000000	360.000000
1521	366.358011	49.358011	360.000000	360.000000
1522	363.773137	48.773137	360.000000	360.000000
1523	361.184994	48.184994	360.000000	360.000000
1524	357.593564	47.593564	360.000000	360.000000
1525	354.998828	47.998828	360.000000	360.000000
1526	354.264380	50.264380	360.000000	360.000000
1527	352.514963	51.514963	360.000000	360.000000
1528	351.750755	53.750755	360.000000	360.000000
1529	350.971931	55.971931	360.000000	360.000000
1530	350.178664	58.178664	360.000000	360.000000
1531	349.371124	60.371124	360.000000	360.000000
1532	348.549480	62.549480	360.000000	360.000000
1533	347.828996	64.828996	360.000000	360.000000
1534	347.091883	67.091883	360.000000	360.000000
1535	346.338356	69.338356	360.000000	360.000000
1536	345.568630	71.568630	360.000000	360.000000
1537	344.782915	73.782915	360.000000	360.000000
1538	343.981418	75.981418	360.000000	360.000000
1539	344.164345	78.164345	360.000000	360.000000
1540	344.681270	78.681270	360.000000	360.000000
1541	345.195221	79.195221	360.000000	360.000000
1542	345.706215	79.706215	360.000000	360.000000
1543	346.214269	80.214269	360.000000	360.000000
1544	346.719399	80.719399	360.000000	360.000000
1545	347.221622	81.221622	360.000000	360.000000
1546	347.720956	81.720956	360.000000	360.000000
1547	347.333824	81.333824	360.000000	360.000000
1548	346.944955	80.944955	360.000000	360.000000
1549	346.554341	80.554341	360.000000	360.000000
1550	346.161975	80.161975	360.000000	360.000000
1551	345.767848	79.767848	360.000000	360.000000
1552	345.371952	79.371952	360.000000	360.000000
1553	344.974281	78.974281	360.000000	360.000000
1554	344.372393	78.372393	360.000000	360.000000
1555	343.766437	77.766437	360.000000	360.000000
1556	343.156383	77.156383	360.000000	360.000000
1557	342.542205	76.542205	360.000000	360.000000
1558	341.923875	75.923875	360.000000	360.000000
1559	341.301364	75.301364	360.000000	360.000000
1560	340.674645	74.674645	360.000000	360.000000
1561	340.047739	74.047739	360.000000	360.000000
1562	339.416621	73.416621	360.000000	360.000000
1563	338.781264	72.781264	360.000000	360.000000
1564	338.141638	72.141638	360.000000	360.000000
1565	338.497716	71.497716	360.000000	360.000000
1566	338.849469	69.849469	360.000000	360.000000
1567	340.196867	68.196867	360.000000	360.000000
1568	345.200304	67.200304	360.000000	360.000000
1569	348.193446	66.193446	360.000000	360.000000
1570	351.176399	66.176399	360.000000	360.000000
1571	354.149267	66.149267	360.000000	360.000000
1572	358.112153	66.112153	360.000000	360.000000
1573	361.065161	66.065161	360.000000	360.000000
1574	364.008390	66.008390	360.000000	360.000000
1575	366.854054	66.854054	360.000000	360.000000
1576	369.691858	66.691858	360.000000	360.000000
1577	372.521876	67.521876	360.000000	360.000000
1578	375.344180	67.344180	360.000000	360.000000
1579	379.158841	68.158841	360.000000	360.000000
1580	381.965931	68.965931	360.000000	360.000000
1581	384.765520	68.765520	360.000000	360.000000
1582	388.516569	69.516569	360.000000	360.000000
1583	391.261000	69.261000	360.000000	360.000000
1584	394.998871	69.998871	360.000000	360.000000
1585	397.730240	69.730240	360.000000	360.000000
1586	401.455165	70.455165	360.000000	360.000000
1587	404.173703	71.173703	360.000000	360.000000
1588	407.885908	71.885908	360.000000	360.000000
1589	410.424625	72.424625	360.000000	360.000000
1590	413.959720	72.959720	360.000000	360.000000
1591	416.491216	73.491216	360.000000	360.000000
1592	420.019138	74.019138	360.000000	360.000000
1593	422.543510	74.543510	360.000000	360.000000
1594	426.064356	76.064356	360.000000	360.000000
1595	428.581700	76.581700	360.000000	360.000000
1596	432.132759	77.132759	360.000000	360.000000
1597	435.679845	78.679845	360.000000	360.000000
1598	438.222985	79.222985	360.000000	360.000000
1599	441.762209	79.762209	360.000000	360.000000
1600	444.297545	80.297545	360.000000	360.000000
1601	447.829020	81.829020	360.000000	360.000000
1602	451.356663	83.356663	360.000000	360.000000
1603	454.770660	84.770660	360.000000	360.000000
1604	457.182298	86.182298	360.000000	360.000000
1605	457.591590	86.591590	360.000000	360.000000
1606	457.998549	86.998549	360.000000	360.000000
1607	458.403190	87.403190	360.000000	360.000000
1608	458.805524	87.805524	360.000000	360.000000
1609	459.205565	88.205565	360.000000	360.000000
1610	458.659990	87.659990	360.000000	360.000000
1611	458.110151	87.110151	360.000000	360.000000
1612	457.556014	86.556014	360.000000	360.000000
1613	456.997545	85.997545	360.000000	360.000000
1614	457.434711	85.434711	360.000000	360.000000
1615	458.867477	84.867477	360.000000	360.000000
1616	460.295809	84.295809	360.000000	360.000000
1617	461.994158	82.994158	360.000000	360.000000
1618	463.691272	82.691272	360.000000	360.000000
1619	465.387146	82.387146	360.000000	360.000000
1620	467.081776	81.081776	360.000000	360.000000
1621	468.775156	80.775156	360.000000	360.000000
1622	470.467282	80.467282	360.000000	360.000000
1623	472.158147	80.158147	360.000000	360.000000
1624	473.928957	79.928957	360.000000	360.000000
1625	475.699074	79.699074	360.000000	360.000000
1626	477.468496	79.468496	360.000000	360.000000
1627	477.237222	79.237222	360.000000	360.000000
1628	477.005249	79.005249	360.000000	360.000000
1629	476.772575	78.772575	360.000000	360.000000
1630	476.539198	78.539198	360.000000	360.000000
1631	475.933082	77.933082	360.000000	360.000000
1632	475.322224	77.322224	360.000000	360.000000
1633	474.706585	76.706585	360.000000	360.000000
1634	474.086130	76.086130	360.000000	360.000000
1635	473.460820	75.460820	360.000000	360.000000
1636	472.830616	74.830616	360.000000	360.000000
1637	472.195482	74.195482	360.000000	360.000000
1638	471.485686	73.485686	360.000000	360.000000
1639	470.769732	72.769732	360.000000	360.000000
1640	470.047566	72.047566	360.000000	360.000000
1641	469.319134	71.319134	360.000000	360.000000
1642	468.584381	70.584381	360.000000	360.000000
1643	467.843253	69.843253	360.000000	360.000000
1644	467.095695	69.095695	360.000000	360.000000
1645	466.404144	68.404144	360.000000	360.000000
1646	465.707091	67.707091	360.000000	360.000000
1647	465.004491	67.004491	360.000000	360.000000
1648	464.296300	66.296300	360.000000	360.000000
1649	463.582473	65.582473	360.000000	360.000000
1650	462.862966	64.862966	360.000000	360.000000
1651	462.137733	64.137733	360.000000	360.000000
1652	461.514987	63.514987	360.000000	360.000000
1653	460.888020	62.888020	360.000000	360.000000
1654	460.256802	62.256802	360.000000	360.000000
1655	459.621305	61.621305	360.000000	360.000000
1656	458.981500	60.981500	360.000000	360.000000
1657	458.337358	60.337358	360.000000	360.000000
1658	457.688849	59.688849	360.000000	360.000000
1659	457.157290	59.157290	360.000000	360.000000
1660	456.622797	58.622797	360.000000	360.000000
1661	456.085355	58.085355	360.000000	360.000000
1662	455.544946	57.544946	360.000000	360.000000
1663	455.001554	57.001554	360.000000	360.000000
1664	454.455164	56.455164	360.000000	360.000000
1665	453.905758	55.905758	360.000000	360.000000
1666	453.456654	55.456654	360.000000	360.000000
1667	453.005536	55.005536	360.000000	360.000000
1668	452.552393	54.552393	360.000000	360.000000
1669	452.097217	54.097217	360.000000	360.000000
1670	453.639999	54.639999	360.000000	360.000000
1671	456.180730	56.180730	360.000000	360.000000
1672	458.719400	57.719400	360.000000	360.000000
1673	463.155049	61.155049	360.000000	360.000000
1674	466.570743	64.570743	360.000000	360.000000
1675	470.966757	67.966757	360.000000	360.000000
1676	475.343366	70.343366	360.000000	360.000000
1677	479.700840	73.700840	360.000000	360.000000
1678	483.039444	77.039444	360.000000	360.000000
1679	486.359441	80.359441	360.000000	360.000000
1680	487.406531	81.406531	360.000000	360.000000
1681	488.441912	82.441912	360.000000	360.000000
1682	489.465715	83.465715	360.000000	360.000000
1683	490.478071	84.478071	360.000000	360.000000
1684	491.479106	85.479106	360.000000	360.000000
1685	492.468947	86.468947	360.000000	360.000000
1686	493.447721	87.447721	360.000000	360.000000
1687	493.490517	87.490517	360.000000	360.000000
1688	493.533292	87.533292	360.000000	360.000000
1689	493.576046	87.576046	360.000000	360.000000
1690	493.618779	87.618779	360.000000	360.000000
1691	494.661491	87.661491	360.000000	360.000000
1692	496.704181	87.704181	360.000000	360.000000
1693	498.746851	88.746851	360.000000	360.000000
1694	501.356448	89.356448	360.000000	360.000000
1695	503.961736	90.961736	360.000000	360.000000
1696	506.562747	91.562747	360.000000	360.000000
1697	509.159510	93.159510	360.000000	360.000000
1698	511.752055	93.752055	360.000000	360.000000
1699	514.340413	94.340413	360.000000	360.000000
1700	516.924612	95.924612	360.000000	360.000000
1701	518.582599	97.582599	360.000000	360.000000
1702	521.235312	98.235312	360.000000	360.000000
1703	523.882792	99.882792	360.000000	360.000000
1704	525.525081	100.525081	360.000000	360.000000
1705	528.162220	102.162220	360.000000	360.000000
1706	529.794252	102.794252	360.000000	360.000000
1707	531.421217	104.421217	360.000000	360.000000
1708	533.790451	104.790451	360.000000	360.000000
1709	534.157926	106.157926	360.000000	360.000000
1710	535.523653	106.523653	360.000000	360.000000
1711	535.887639	106.887639	360.000000	360.000000
1712	536.249893	107.249893	360.000000	360.000000
1713	536.610423	107.610423	360.000000	360.000000
1714	536.969237	107.969237	360.000000	360.000000
1715	536.642021	107.642021	360.000000	360.000000
1716	536.313378	107.313378	360.000000	360.000000
1717	535.983301	106.983301	360.000000	360.000000
1718	535.651785	106.651785	360.000000	360.000000
1719	535.318824	106.318824	360.000000	360.000000
1720	534.984410	105.984410	360.000000	360.000000
1721	534.648538	105.648538	360.000000	360.000000
1722	534.134006	105.134006	360.000000	360.000000
1723	533.616052	104.616052	360.000000	360.000000
1724	533.094652	104.094652	360.000000	360.000000
1725	532.569784	103.569784	360.000000	360.000000
1726	532.041424	103.041424	360.000000	360.000000
1727	531.509550	102.509550	360.000000	360.000000
1728	530.974138	101.974138	360.000000	360.000000
1729	530.447326	101.447326	360.000000	360.000000
1730	529.917089	100.917089	360.000000	360.000000
1731	529.383404	100.383404	360.000000	360.000000
1732	527.846250	99.846250	360.000000	360.000000
1733	526.305603	98.305603	360.000000	360.000000
1734	524.761441	96.761441	360.000000	360.000000
1735	522.213740	96.213740	360.000000	360.000000
1736	520.739468	96.739468	360.000000	360.000000
1737	519.261935	96.261935	360.000000	360.000000
1738	518.781163	96.781163	360.000000	360.000000
1739	517.297172	96.297172	360.000000	360.000000
1740	517.809981	96.809981	360.000000	360.000000
1741	517.319610	97.319610	360.000000	360.000000
1742	517.826079	97.826079	360.000000	360.000000
1743	517.859175	97.859175	360.000000	360.000000
1744	517.892258	97.892258	360.000000	360.000000
1745	517.925328	97.925328	360.000000	360.000000
1746	517.958384	97.958384	360.000000	360.000000
1747	517.991427	97.991427	360.000000	360.000000
1748	518.024456	98.024456	360.000000	360.000000
1749	518.057471	98.057471	360.000000	360.000000
1750	517.751102	97.751102	360.000000	360.000000
1751	518.443572	97.443572	360.000000	360.000000
1752	519.134879	97.134879	360.000000	360.000000
1753	519.825018	97.825018	360.000000	360.000000
1754	521.513983	97.513983	360.000000	360.000000
1755	522.201772	98.201772	360.000000	360.000000
1756	523.888378	97.888378	360.000000	360.000000
1757	524.943568	98.943568	360.000000	360.000000
1758	526.998721	98.998721	360.000000	360.000000
1759	528.053837	100.053837	360.000000	360.000000
1760	529.108917	101.108917	360.000000	360.000000
1761	531.163960	101.163960	360.000000	360.000000
1762	532.218967	102.218967	360.000000	360.000000
1763	533.273937	103.273937	360.000000	360.000000
1764	535.467395	103.467395	360.000000	360.000000
1765	536.660400	104.660400	360.000000	360.000000
1766	537.852954	105.852954	360.000000	360.000000
1767	539.045058	107.045058	360.000000	360.000000
1768	540.236712	107.236712	360.000000	360.000000
1769	541.427919	107.427919	360.000000	360.000000
1770	541.618678	108.618678	360.000000	360.000000
1771	541.591429	108.591429	360.000000	360.000000
1772	541.564172	108.564172	360.000000	360.000000
1773	541.536905	108.536905	360.000000	360.000000
1774	541.509630	108.509630	360.000000	360.000000
1775	541.482345	108.482345	360.000000	360.000000
1776	541.455051	108.455051	360.000000	360.000000
1777	541.427748	108.427748	360.000000	360.000000
1778	541.112502	108.112502	360.000000	360.000000
1779	540.796038	107.796038	360.000000	360.000000
1780	540.478351	107.478351	360.000000	360.000000
1781	540.159437	107.159437	360.000000	360.000000
1782	539.839290	106.839290	360.000000	360.000000
1783	539.517905	105.517905	360.000000	360.000000
1784	537.195279	104.195279	360.000000	360.000000
1785	536.258377	104.258377	360.000000	360.000000
1786	535.321428	103.321428	360.000000	360.000000
1787	533.384432	102.384432	360.000000	360.000000
1788	531.447388	101.447388	360.000000	360.000000
1789	530.510297	101.510297	360.000000	360.000000
1790	528.573158	100.573158	360.000000	360.000000
1791	527.635972	99.635972	360.000000	360.000000
1792	527.316479	100.316479	360.000000	360.000000
1793	527.991431	100.991431	360.000000	360.000000
1794	528.660873	101.660873	360.000000	360.000000
1795	529.324850	102.324850	360.000000	360.000000
1796	529.983408	102.983408	360.000000	360.000000
1797	530.636589	103.636589	360.000000	360.000000
1798	531.284439	104.284439	360.000000	360.000000
1799	531.209712	104.209712	360.000000	360.000000
1800	531.134915	104.134915	360.000000	360.000000
1801	531.060046	104.060046	360.000000	360.000000
1802	530.985106	103.985106	360.000000	360.000000
1803	530.910095	103.910095	360.000000	360.000000
1804	530.835013	103.835013	360.000000	360.000000
1805	530.759860	103.759860	360.000000	360.000000
1806	530.461076	103.461076	360.000000	360.000000
1807	530.161166	103.161166	360.000000	360.000000
1808	529.860124	102.860124	360.000000	360.000000
1809	529.557948	102.557948	360.000000	360.000000
1810	530.254632	103.254632	360.000000	360.000000
1811	531.950173	103.950173	360.000000	360.000000
1812	532.644566	103.644566	360.000000	360.000000
1813	535.000318	105.000318	360.000000	360.000000
1814	536.354515	105.354515	360.000000	360.000000
1815	536.707162	106.707162	360.000000	360.000000
1816	537.058268	107.058268	360.000000	360.000000
1817	537.407839	107.407839	360.000000	360.000000
1818	537.755880	107.755880	360.000000	360.000000
1819	538.102400	108.102400	360.000000	360.000000
1820	538.011888	108.011888	360.000000	360.000000
1821	537.921273	107.921273	360.000000	360.000000
1822	537.830553	107.830553	360.000000	360.000000
1823	537.739730	107.739730	360.000000	360.000000
1824	537.648802	107.648802	360.000000	360.000000
1825	537.557770	107.557770	360.000000	360.000000
1826	537.466633	107.466633	360.000000	360.000000
1827	537.278326	107.278326	360.000000	360.000000
1828	538.089574	107.089574	360.000000	360.000000
1829	538.900374	107.900374	360.000000	360.000000
1830	539.710726	107.710726	360.000000	360.000000
1831	540.520630	108.520630	360.000000	360.000000
1832	541.330083	109.330083	360.000000	360.000000
1833	542.139085	110.139085	360.000000	360.000000
1834	543.410602	111.410602	360.000000	360.000000
1835	545.681207	111.681207	360.000000	360.000000
1836	545.950904	112.950904	360.000000	360.000000
1837	547.219695	113.219695	360.000000	360.000000
1838	548.487584	114.487584	360.000000	360.000000
1839	549.754573	115.754573	360.000000	360.000000
1840	551.020665	117.020665	360.000000	360.000000
1841	552.293137	117.293137	360.000000	360.000000
1842	552.564670	118.564670	360.000000	360.000000
1843	553.835265	118.835265	360.000000	360.000000
1844	554.104927	119.104927	360.000000	360.000000
1845	554.373659	119.373659	360.000000	360.000000
1846	554.641463	119.641463	360.000000	360.000000
1847	554.908344	119.908344	360.000000	360.000000
1848	554.717421	119.717421	360.000000	360.000000
1849	554.526025	119.526025	360.000000	360.000000
1850	554.334156	119.334156	360.000000	360.000000
1851	554.141811	119.141811	360.000000	360.000000
1852	553.948989	118.948989	360.000000	360.000000
1853	553.755691	118.755691	360.000000	360.000000
1854	553.561913	118.561913	360.000000	360.000000
1855	553.196180	118.196180	360.000000	360.000000
1856	552.828742	117.828742	360.000000	360.000000
1857	552.459590	117.459590	360.000000	360.000000
1858	552.088717	117.088717	360.000000	360.000000
1859	551.716115	116.716115	360.000000	360.000000
1860	551.341776	116.341776	360.000000	360.000000
1861	550.965691	115.965691	360.000000	360.000000
1862	550.566963	115.566963	360.000000	360.000000
1863	550.166273	115.166273	360.000000	360.000000
1864	549.763612	114.763612	360.000000	360.000000
1865	549.358969	114.358969	360.000000	360.000000
1866	548.952335	113.952335	360.000000	360.000000
1867	548.543700	113.543700	360.000000	360.000000
1868	548.133055	113.133055	360.000000	360.000000
1869	547.754254	112.754254	360.000000	360.000000
1870	547.373742	112.373742	360.000000	360.000000
1871	546.991511	111.991511	360.000000	360.000000
1872	546.607554	111.607554	360.000000	360.000000
1873	546.221862	111.221862	360.000000	360.000000
1874	544.834429	110.834429	360.000000	360.000000
1875	543.445246	108.445246	360.000000	360.000000
1876	540.778734	107.778734	360.000000	360.000000
1877	538.110937	107.110937	360.000000	360.000000
1878	536.441860	105.441860	360.000000	360.000000
1879	534.771508	103.771508	360.000000	360.000000
1880	532.099886	103.099886	360.000000	360.000000
1881	530.426998	102.426998	360.000000	360.000000
1882	529.752851	101.752851	360.000000	360.000000
1883	530.335514	102.335514	360.000000	360.000000
1884	530.914148	102.914148	360.000000	360.000000
1885	531.488779	103.488779	360.000000	360.000000
1886	532.059437	104.059437	360.000000	360.000000
1887	532.626147	104.626147	360.000000	360.000000
1888	533.188939	105.188939	360.000000	360.000000
1889	533.747838	105.747838	360.000000	360.000000
1890	533.702164	105.702164	360.000000	360.000000
1891	533.656464	105.656464	360.000000	360.000000
1892	533.610738	105.610738	360.000000	360.000000
1893	533.564986	105.564986	360.000000	360.000000
1894	533.519208	105.519208	360.000000	360.000000
1895	533.473404	105.473404	360.000000	360.000000
1896	533.427574	105.427574	360.000000	360.000000
1897	533.185464	105.185464	360.000000	360.000000
1898	532.942626	104.942626	360.000000	360.000000
1899	532.699059	104.699059	360.000000	360.000000
1900	532.454760	104.454760	360.000000	360.000000
1901	532.209727	104.209727	360.000000	360.000000
1902	531.963958	103.963958	360.000000	360.000000
1903	531.717450	103.717450	360.000000	360.000000
1904	531.424126	103.424126	360.000000	360.000000
1905	531.129757	103.129757	360.000000	360.000000
1906	530.834338	102.834338	360.000000	360.000000
1907	530.537866	102.537866	360.000000	360.000000
1908	530.240337	102.240337	360.000000	360.000000
1909	529.941747	101.941747	360.000000	360.000000
1910	529.642093	101.642093	360.000000	360.000000
1911	529.353184	101.353184	360.000000	360.000000
1912	529.063284	101.063284	360.000000	360.000000
1913	528.772392	100.772392	360.000000	360.000000
1914	528.480504	100.480504	360.000000	360.000000
1915	528.187615	100.187615	360.000000	360.000000
1916	527.893724	99.893724	360.000000	360.000000
1917	527.598827	99.598827	360.000000	360.000000
1918	527.331842	99.331842	360.000000	360.000000
1919	527.064032	99.064032	360.000000	360.000000
1920	526.795395	98.795395	360.000000	360.000000
1921	526.525927	98.525927	360.000000	360.000000
1922	526.255627	98.255627	360.000000	360.000000
1923	525.984492	97.984492	360.000000	360.000000
1924	525.712519	97.712519	360.000000	360.000000
1925	525.487583	97.487583	360.000000	360.000000
1926	525.262073	97.262073	360.000000	360.000000
1927	525.035989	97.035989	360.000000	360.000000
1928	524.809329	96.809329	360.000000	360.000000
1929	524.582091	96.582091	360.000000	360.000000
1930	524.354275	96.354275	360.000000	360.000000
1931	524.125878	96.125878	360.000000	360.000000
1932	523.944408	95.944408	360.000000	360.000000
1933	523.762572	95.762572	360.000000	360.000000
1934	523.580368	95.580368	360.000000	360.000000
1935	523.397797	95.397797	360.000000	360.000000
1936	523.214857	95.214857	360.000000	360.000000
1937	523.031548	95.031548	360.000000	360.000000
1938	522.847868	94.847868	360.000000	360.000000
1939	522.703819	94.703819	360.000000	360.000000
1940	522.559541	94.559541	360.000000	360.000000
1941	522.415036	94.415036	360.000000	360.000000
1942	522.270302	94.270302	360.000000	360.000000
1943	522.125339	94.125339	360.000000	360.000000
1944	521.980148	93.980148	360.000000	360.000000
1945	521.834727	93.834727	360.000000	360.000000
1946	521.719120	93.719120	360.000000	360.000000
1947	521.603369	93.603369	360.000000	360.000000
1948	521.487473	93.487473	360.000000	360.000000
1949	521.371431	93.371431	360.000000	360.000000
1950	521.255244	93.255244	360.000000	360.000000
1951	521.138911	93.138911	360.000000	360.000000
1952	521.022432	93.022432	360.000000	360.000000
1953	520.937966	92.937966	360.000000	360.000000
1954	520.853422	92.853422	360.000000	360.000000
1955	520.768802	92.768802	360.000000	360.000000
1956	520.684105	92.684105	360.000000	360.000000
1957	520.599330	92.599330	360.000000	360.000000
1958	520.514479	92.514479	360.000000	360.000000
1959	520.429551	92.429551	360.000000	360.000000
1960	520.368716	92.368716	360.000000	360.000000
1961	520.307841	92.307841	360.000000	360.000000
1962	520.246926	92.246926	360.000000	360.000000
1963	520.185972	92.185972	360.000000	360.000000
1964	520.124978	92.124978	360.000000	360.000000
1965	520.063944	92.063944	360.000000	360.000000
1966	520.002871	92.002871	360.000000	360.000000
1967	519.957310	91.957310	360.000000	360.000000
1968	519.911726	91.911726	360.000000	360.000000
1969	519.866120	91.866120	360.000000	360.000000
